{"class":"TSStatic","persistentId":"aaff83f3-acd5-48bc-b77a-f0acdd496524","__parent":"tss9","position":[896.398438,757.726257,11.5129366],"isRenderEnabled":false,"locked":true,"playAmbient":false,"rotationMatrix":[0.500226438,-0.865894616,0,0.865894616,0.500226438,0,0,0,1],"shapeName":"/levels/motorsports_playground/art/shapes/buildings/pit_garagedoor.dae","useInstanceRenderData":true}
{"class":"TSStatic","persistentId":"07babe31-6acf-4290-bcfe-139d0a0d5dac","__parent":"tss9","position":[898.213135,754.391357,10.5378399],"isRenderEnabled":false,"locked":true,"playAmbient":false,"rotationMatrix":[0.500226438,-0.865894616,0,0.865894616,0.500226438,0,0,0,1],"shapeName":"/levels/motorsports_playground/art/shapes/buildings/pit_garagedoor.dae","useInstanceRenderData":true}
{"class":"TSStatic","persistentId":"48e0b623-c359-4e49-a4ad-3c162790e928","__parent":"tss9","position":[894.321777,761.424561,9.77932358],"isRenderEnabled":false,"locked":true,"playAmbient":false,"rotationMatrix":[0.500226438,-0.865894616,0,0.865894616,0.500226438,0,0,0,1],"shapeName":"/levels/motorsports_playground/art/shapes/buildings/pit_garagedoor.dae","useInstanceRenderData":true}
{"class":"TSStatic","persistentId":"4c90c073-bea5-4f09-912f-78a86bf2b10d","__parent":"tss9","position":[892.492371,764.707397,11.7024946],"isRenderEnabled":false,"locked":true,"playAmbient":false,"rotationMatrix":[0.500226438,-0.865894616,0,0.865894616,0.500226438,0,0,0,1],"shapeName":"/levels/motorsports_playground/art/shapes/buildings/pit_garagedoor.dae","useInstanceRenderData":true}
{"class":"TSStatic","persistentId":"b73aef08-0705-465b-9180-0d4a2a7f0381","__parent":"tss9","position":[883.902344,759.841797,10.8081465],"isRenderEnabled":false,"locked":true,"playAmbient":false,"rotationMatrix":[0.500226438,-0.865894616,0,0.865894616,0.500226438,0,0,0,1],"scale":[1,1,0.5],"shapeName":"/levels/motorsports_playground/art/shapes/buildings/pit_garagedoor.dae","useInstanceRenderData":true}
{"class":"TSStatic","persistentId":"82f5a93c-664b-4b38-9ff1-c15faaf1308f","__parent":"tss9","position":[885.73175,756.55896,9.77932358],"isRenderEnabled":false,"locked":true,"playAmbient":false,"rotationMatrix":[0.500226438,-0.865894616,0,0.865894616,0.500226438,0,0,0,1],"shapeName":"/levels/motorsports_playground/art/shapes/buildings/pit_garagedoor.dae","useInstanceRenderData":true}
{"class":"TSStatic","persistentId":"e5c009a8-2509-4d0e-a78e-01349ec8e2ec","__parent":"tss9","position":[887.808411,752.860657,10.8336306],"isRenderEnabled":false,"locked":true,"playAmbient":false,"rotationMatrix":[0.500226438,-0.865894616,0,0.865894616,0.500226438,0,0,0,1],"scale":[1,1,0.600000024],"shapeName":"/levels/motorsports_playground/art/shapes/buildings/pit_garagedoor.dae","useInstanceRenderData":true}
{"class":"TSStatic","persistentId":"3e64626b-5de6-4770-b346-ebc081b63463","__parent":"tss9","position":[889.675232,749.592468,10.5526943],"isRenderEnabled":false,"locked":true,"playAmbient":false,"rotationMatrix":[0.500226438,-0.865894616,0,0.865894616,0.500226438,0,0,0,1],"scale":[1,1,0.699999988],"shapeName":"/levels/motorsports_playground/art/shapes/buildings/pit_garagedoor.dae","useInstanceRenderData":true}
{"class":"TSStatic","persistentId":"9419ab28-faa3-4a61-bc1f-6a5d13e623dd","__parent":"tss9","position":[-2473.91016,-688.464539,10.9362173],"collisionType":"Visible Mesh Final","decalType":"Visible Mesh Final","isRenderEnabled":false,"locked":true,"playAmbient":false,"prebuildCollisionData":true,"renderNormals":1.49011612e-08,"rotationMatrix":[0.0656286478,0.997844577,0,-0.997844577,0.0656286478,0,0,0,1],"scale":[7,9.5,7],"shapeName":"/levels/motorsports_playground/art/shapes/race/gerryfrod.dae","useInstanceRenderData":true}
{"class":"TSStatic","persistentId":"6dcf401b-5511-44a1-a752-11bddda9bc45","__parent":"tss9","position":[-2243.26807,-684.678406,41.0785828],"isRenderEnabled":false,"locked":true,"playAmbient":false,"rotationMatrix":[-0.0571717024,-0.998364866,0,0.998364866,-0.0571717024,0,0,0,1],"shapeName":"/levels/motorsports_playground/art/shapes/buildings/italy_bld_antenna.dae","useInstanceRenderData":true}
{"class":"TSStatic","persistentId":"83bb3279-2ab9-4dcf-97eb-540995921f69","__parent":"tss9","position":[-2260.76709,-678.70697,41.0785828],"isRenderEnabled":false,"locked":true,"playAmbient":false,"rotationMatrix":[-0.0571717024,-0.998364866,0,0.998364866,-0.0571717024,0,0,0,1],"scale":[0.5,0.5,0.5],"shapeName":"/levels/motorsports_playground/art/shapes/buildings/italy_bld_antenna.dae","useInstanceRenderData":true}
{"class":"TSStatic","persistentId":"39a4d826-a0f7-4b8a-9ec7-b9e74d6a2f03","__parent":"tss9","position":[-2261.25635,-682.37439,41.0785828],"isRenderEnabled":false,"locked":true,"playAmbient":false,"rotationMatrix":[-0.0571717024,-0.998364866,0,0.998364866,-0.0571717024,0,0,0,1],"scale":[0.5,0.5,0.5],"shapeName":"/levels/motorsports_playground/art/shapes/buildings/italy_bld_antenna.dae","useInstanceRenderData":true}
{"class":"TSStatic","persistentId":"0c955d2b-bc28-4186-9e3b-740a12b4eee2","__parent":"tss9","position":[-2224.06714,-691.822388,41.0785828],"isRenderEnabled":false,"locked":true,"playAmbient":false,"rotationMatrix":[-0.0571717024,-0.998364866,0,0.998364866,-0.0571717024,0,0,0,1],"scale":[0.5,0.5,0.5],"shapeName":"/levels/motorsports_playground/art/shapes/buildings/italy_bld_antenna.dae","useInstanceRenderData":true}
{"class":"TSStatic","persistentId":"7f0e860b-e612-41f2-8d90-97d8bc8c644b","__parent":"tss9","position":[-2222.90698,-681.377197,41.0785828],"isRenderEnabled":false,"locked":true,"playAmbient":false,"rotationMatrix":[-0.0571717024,-0.998364866,0,0.998364866,-0.0571717024,0,0,0,1],"scale":[0.5,0.5,0.5],"shapeName":"/levels/motorsports_playground/art/shapes/buildings/italy_bld_antenna.dae","useInstanceRenderData":true}
{"class":"TSStatic","persistentId":"028cfe41-67f5-44a5-96c9-f9236fe7fdc3","__parent":"tss9","position":[-2261.521,-685.828491,41.0785828],"isRenderEnabled":false,"locked":true,"playAmbient":false,"rotationMatrix":[-0.0571717024,-0.998364866,0,0.998364866,-0.0571717024,0,0,0,1],"scale":[0.5,0.5,0.5],"shapeName":"/levels/motorsports_playground/art/shapes/buildings/italy_bld_antenna.dae","useInstanceRenderData":true}
{"class":"TSStatic","persistentId":"f03ff6e6-0464-470f-ad2c-2c40ec7b8b30","__parent":"tss9","position":[-2261.92749,-689.152283,41.0785828],"isRenderEnabled":false,"locked":true,"playAmbient":false,"rotationMatrix":[-0.0571717024,-0.998364866,0,0.998364866,-0.0571717024,0,0,0,1],"scale":[0.5,0.5,0.5],"shapeName":"/levels/motorsports_playground/art/shapes/buildings/italy_bld_antenna.dae","useInstanceRenderData":true}
{"class":"TSStatic","persistentId":"6076747f-f760-4b67-8f7d-b88738e9ba69","__parent":"tss9","position":[-2494.71313,543.965332,11.755064],"isRenderEnabled":false,"locked":true,"playAmbient":false,"rotationMatrix":[0.707106769,0.707106829,0,-0.707106829,0.707106769,0,0,0,1],"shapeName":"/levels/motorsports_playground/art/shapes/containers/container_01_a.dae","useInstanceRenderData":true}
{"class":"TSStatic","persistentId":"f0d15e58-8fe3-4d8d-ae3b-aaafefc76212","__parent":"tss9","position":[-2493.00049,545.698425,11.760644],"isRenderEnabled":false,"locked":true,"playAmbient":false,"rotationMatrix":[0.707106769,0.707106829,0,-0.707106829,0.707106769,0,0,0,1],"shapeName":"/levels/motorsports_playground/art/shapes/containers/container_01_b.dae","useInstanceRenderData":true}
{"class":"TSStatic","persistentId":"1c95c9fc-abbd-4bcc-8363-814c93e1fd9b","__parent":"tss9","position":[-2491.25293,547.430908,11.7927923],"isRenderEnabled":false,"locked":true,"playAmbient":false,"rotationMatrix":[0.707106769,0.707106829,0,-0.707106829,0.707106769,0,0,0,1],"shapeName":"/levels/motorsports_playground/art/shapes/containers/containers_40_beamng.dae","useInstanceRenderData":true}
{"class":"TSStatic","persistentId":"1f32889d-4767-410e-833d-05dbcdc06d9c","__parent":"tss9","position":[-2489.57861,549.152893,11.7648296],"isRenderEnabled":false,"locked":true,"playAmbient":false,"rotationMatrix":[0.707106769,0.707106829,0,-0.707106829,0.707106769,0,0,0,1],"shapeName":"/levels/motorsports_playground/art/shapes/containers/containers_40_brown.dae","useInstanceRenderData":true}
{"class":"TSStatic","persistentId":"25b2f50a-ffc5-4ef8-b43e-86d244802f8a","__parent":"tss9","position":[-2491.27271,547.437317,14.3722534],"isRenderEnabled":false,"locked":true,"playAmbient":false,"rotationMatrix":[0.707106769,0.707106829,0,-0.707106829,0.707106769,0,0,0,1],"shapeName":"/levels/motorsports_playground/art/shapes/containers/containers_40_okudai.dae","useInstanceRenderData":true}
{"class":"TSStatic","persistentId":"a41323d9-9743-4c23-9dac-b6214b25fdd6","__parent":"tss9","position":[-2489.55591,549.165649,14.3574171],"isRenderEnabled":false,"locked":true,"playAmbient":false,"rotationMatrix":[0.707106769,0.707106769,0,-0.707106769,0.707106769,0,0,0,1],"shapeName":"/levels/motorsports_playground/art/shapes/containers/containers_40_nodeoline.dae","useInstanceRenderData":true}
{"class":"TSStatic","persistentId":"83a2f139-708e-4193-8747-0fbc28d15a5c","__parent":"tss9","position":[-2493.04541,545.764709,14.3360128],"isRenderEnabled":false,"locked":true,"playAmbient":false,"rotationMatrix":[0.70710659,0.707107008,0,-0.707107008,0.70710659,0,0,0,1],"shapeName":"/levels/motorsports_playground/art/shapes/containers/containers_40_oilex.dae","useInstanceRenderData":true}
{"class":"TSStatic","persistentId":"80ba9b37-0b9e-4289-b98d-6efb2db2e787","__parent":"tss9","position":[-2494.71826,543.965515,14.3508911],"isRenderEnabled":false,"locked":true,"playAmbient":false,"rotationMatrix":[0.707106769,0.707106829,0,-0.707106829,0.707106769,0,0,0,1],"shapeName":"/levels/motorsports_playground/art/shapes/containers/containers_40_beamng.dae","useInstanceRenderData":true}
{"class":"TSStatic","persistentId":"b571c16c-d743-40d1-95da-f6c4fbbebebd","__parent":"tss9","position":[-2489.56714,549.141602,16.9239941],"isRenderEnabled":false,"locked":true,"playAmbient":false,"rotationMatrix":[-0.707106471,-0.707107008,0,0.707107008,-0.707106471,0,0,0,1],"shapeName":"/levels/motorsports_playground/art/shapes/containers/container_01_a.dae","useInstanceRenderData":true}
{"class":"TSStatic","persistentId":"0fa13a5e-6afc-4155-bb11-f0f2bb39744a","__parent":"tss9","position":[-2491.27979,547.408508,16.9295731],"isRenderEnabled":false,"locked":true,"playAmbient":false,"rotationMatrix":[-0.707106471,-0.707107008,0,0.707107008,-0.707106471,0,0,0,1],"shapeName":"/levels/motorsports_playground/art/shapes/containers/container_01_b.dae","useInstanceRenderData":true}
{"class":"TSStatic","persistentId":"8cfe30ec-9d2c-4799-ab17-3a62317b455a","__parent":"tss9","position":[-2493.02734,545.676025,16.9617233],"isRenderEnabled":false,"locked":true,"playAmbient":false,"rotationMatrix":[-0.707106471,-0.707107008,0,0.707107008,-0.707106471,0,0,0,1],"shapeName":"/levels/motorsports_playground/art/shapes/containers/containers_40_beamng.dae","useInstanceRenderData":true}
{"class":"TSStatic","persistentId":"29d278bd-5a93-4e76-9d64-24b856870f6d","__parent":"tss9","position":[-2494.70166,543.954041,16.9337597],"isRenderEnabled":false,"locked":true,"playAmbient":false,"rotationMatrix":[-0.707106471,-0.707107008,0,0.707107008,-0.707106471,0,0,0,1],"shapeName":"/levels/motorsports_playground/art/shapes/containers/containers_40_brown.dae","useInstanceRenderData":true}
{"class":"TSStatic","persistentId":"00955c80-bb3c-4071-a856-7b60da936f33","__parent":"tss9","position":[-2494.71826,543.965515,19.4923401],"isRenderEnabled":false,"locked":true,"playAmbient":false,"rotationMatrix":[0.707106769,0.707106829,0,-0.707106829,0.707106769,0,0,0,1],"shapeName":"/levels/motorsports_playground/art/shapes/containers/containers_40_beamng.dae","useInstanceRenderData":true}
{"class":"TSStatic","persistentId":"b7a97378-43d3-4750-a1ce-6b022c1d06fe","__parent":"tss9","position":[-2493.01343,545.696716,19.5303154],"isRenderEnabled":false,"locked":true,"playAmbient":false,"rotationMatrix":[0.707106769,0.707106829,0,-0.707106829,0.707106769,0,0,0,1],"shapeName":"/levels/motorsports_playground/art/shapes/containers/containers_40_okudai.dae","useInstanceRenderData":true}
{"class":"TSStatic","persistentId":"965bde81-d087-474a-80f2-7cae15893ae5","__parent":"tss9","position":[-2491.2959,547.425598,19.5120049],"isRenderEnabled":false,"locked":true,"playAmbient":false,"rotationMatrix":[0.707106769,0.707106769,0,-0.707106769,0.707106769,0,0,0,1],"shapeName":"/levels/motorsports_playground/art/shapes/containers/containers_40_nodeoline.dae","useInstanceRenderData":true}
{"class":"TSStatic","persistentId":"fe58e520-3f9a-49cd-8c0e-b5fd0a2c14fc","__parent":"tss9","position":[-2489.55591,549.165649,19.5204277],"isRenderEnabled":false,"locked":true,"playAmbient":false,"rotationMatrix":[0.707106769,0.707106769,0,-0.707106769,0.707106769,0,0,0,1],"shapeName":"/levels/motorsports_playground/art/shapes/containers/containers_40_nodeoline.dae","useInstanceRenderData":true}
{"class":"TSStatic","persistentId":"3aa0627e-f07f-4d5e-8f14-21ff23202635","__parent":"tss9","position":[-2480.55103,557.805054,19.4923401],"isRenderEnabled":false,"locked":true,"playAmbient":false,"rotationMatrix":[0.707106769,0.707106829,0,-0.707106829,0.707106769,0,0,0,1],"shapeName":"/levels/motorsports_playground/art/shapes/containers/containers_40_beamng.dae","useInstanceRenderData":true}
{"class":"TSStatic","persistentId":"833fe92b-5759-43ef-b834-9b4331e285b1","__parent":"tss9","position":[-2478.84619,559.536255,19.5303154],"isRenderEnabled":false,"locked":true,"playAmbient":false,"rotationMatrix":[0.707106769,0.707106829,0,-0.707106829,0.707106769,0,0,0,1],"shapeName":"/levels/motorsports_playground/art/shapes/containers/containers_40_okudai.dae","useInstanceRenderData":true}
{"class":"TSStatic","persistentId":"5e1af1fc-0c4a-4c0b-ab3e-cc766b6318dd","__parent":"tss9","position":[-2477.12866,561.265137,19.5120049],"isRenderEnabled":false,"locked":true,"playAmbient":false,"rotationMatrix":[0.707106769,0.707106769,0,-0.707106769,0.707106769,0,0,0,1],"shapeName":"/levels/motorsports_playground/art/shapes/containers/containers_40_nodeoline.dae","useInstanceRenderData":true}
{"class":"TSStatic","persistentId":"8140f58a-a225-4703-83dc-daa0b1fd542c","__parent":"tss9","position":[-2475.38867,563.005188,19.5204277],"isRenderEnabled":false,"locked":true,"playAmbient":false,"rotationMatrix":[0.707106769,0.707106769,0,-0.707106769,0.707106769,0,0,0,1],"shapeName":"/levels/motorsports_playground/art/shapes/containers/containers_40_nodeoline.dae","useInstanceRenderData":true}
{"class":"TSStatic","persistentId":"29820abc-19ea-44db-aacd-697f767c78c3","__parent":"tss9","position":[-2480.53442,557.793579,16.9337597],"isRenderEnabled":false,"locked":true,"playAmbient":false,"rotationMatrix":[-0.707106471,-0.707107008,0,0.707107008,-0.707106471,0,0,0,1],"shapeName":"/levels/motorsports_playground/art/shapes/containers/containers_40_brown.dae","useInstanceRenderData":true}
{"class":"TSStatic","persistentId":"6efafe82-f0a0-4a17-b197-2fe1e3086a70","__parent":"tss9","position":[-2478.86011,559.515564,16.9617233],"isRenderEnabled":false,"locked":true,"playAmbient":false,"rotationMatrix":[-0.707106471,-0.707107008,0,0.707107008,-0.707106471,0,0,0,1],"shapeName":"/levels/motorsports_playground/art/shapes/containers/containers_40_beamng.dae","useInstanceRenderData":true}
{"class":"TSStatic","persistentId":"5b760cf9-4973-4243-bca7-0900806286f8","__parent":"tss9","position":[-2477.11255,561.248047,16.9295731],"isRenderEnabled":false,"locked":true,"playAmbient":false,"rotationMatrix":[-0.707106471,-0.707107008,0,0.707107008,-0.707106471,0,0,0,1],"shapeName":"/levels/motorsports_playground/art/shapes/containers/container_01_b.dae","useInstanceRenderData":true}
{"class":"TSStatic","persistentId":"2f1efc36-babe-40e9-9cc5-aff8b8bcd930","__parent":"tss9","position":[-2475.3999,562.98114,16.9239941],"isRenderEnabled":false,"locked":true,"playAmbient":false,"rotationMatrix":[-0.707106471,-0.707107008,0,0.707107008,-0.707106471,0,0,0,1],"shapeName":"/levels/motorsports_playground/art/shapes/containers/container_01_a.dae","useInstanceRenderData":true}
{"class":"TSStatic","persistentId":"cc47edc3-3481-412e-be3c-bcd7cee1e435","__parent":"tss9","position":[-2480.55103,557.805054,14.3508911],"isRenderEnabled":false,"locked":true,"playAmbient":false,"rotationMatrix":[0.707106769,0.707106829,0,-0.707106829,0.707106769,0,0,0,1],"shapeName":"/levels/motorsports_playground/art/shapes/containers/containers_40_beamng.dae","useInstanceRenderData":true}
{"class":"TSStatic","persistentId":"429ed2cf-a0d5-4f24-8a6f-0d779f032058","__parent":"tss9","position":[-2478.87817,559.604248,14.3360128],"isRenderEnabled":false,"locked":true,"playAmbient":false,"rotationMatrix":[0.70710659,0.707107008,0,-0.707107008,0.70710659,0,0,0,1],"shapeName":"/levels/motorsports_playground/art/shapes/containers/containers_40_oilex.dae","useInstanceRenderData":true}
{"class":"TSStatic","persistentId":"86b29baf-9223-4577-84de-78dc9e14abbb","__parent":"tss9","position":[-2477.10547,561.276855,14.3722534],"isRenderEnabled":false,"locked":true,"playAmbient":false,"rotationMatrix":[0.707106769,0.707106829,0,-0.707106829,0.707106769,0,0,0,1],"shapeName":"/levels/motorsports_playground/art/shapes/containers/containers_40_okudai.dae","useInstanceRenderData":true}
{"class":"TSStatic","persistentId":"98ad1e65-3c44-4017-8bde-51ffb065f3b1","__parent":"tss9","position":[-2475.38867,563.005188,14.3574171],"isRenderEnabled":false,"locked":true,"playAmbient":false,"rotationMatrix":[0.707106769,0.707106769,0,-0.707106769,0.707106769,0,0,0,1],"shapeName":"/levels/motorsports_playground/art/shapes/containers/containers_40_nodeoline.dae","useInstanceRenderData":true}
{"class":"TSStatic","persistentId":"ca18a1ae-89fc-4c11-9d19-89982656c3ea","__parent":"tss9","position":[-2475.41138,562.992432,11.7648296],"isRenderEnabled":false,"locked":true,"playAmbient":false,"rotationMatrix":[0.707106769,0.707106829,0,-0.707106829,0.707106769,0,0,0,1],"shapeName":"/levels/motorsports_playground/art/shapes/containers/containers_40_brown.dae","useInstanceRenderData":true}
{"class":"TSStatic","persistentId":"19b8ee1a-89cc-4c5d-baba-00c2644db5a5","__parent":"tss9","position":[-2477.08569,561.270447,11.7927923],"isRenderEnabled":false,"locked":true,"playAmbient":false,"rotationMatrix":[0.707106769,0.707106829,0,-0.707106829,0.707106769,0,0,0,1],"shapeName":"/levels/motorsports_playground/art/shapes/containers/containers_40_beamng.dae","useInstanceRenderData":true}
{"class":"TSStatic","persistentId":"cca5af16-7868-4542-a508-6b8f514b698a","__parent":"tss9","position":[-2478.83325,559.537964,11.760644],"isRenderEnabled":false,"locked":true,"playAmbient":false,"rotationMatrix":[0.707106769,0.707106829,0,-0.707106829,0.707106769,0,0,0,1],"shapeName":"/levels/motorsports_playground/art/shapes/containers/container_01_b.dae","useInstanceRenderData":true}
{"class":"TSStatic","persistentId":"8fd1dae8-2096-4249-ab79-43c96b28671a","__parent":"tss9","position":[-2480.5459,557.804871,11.755064],"isRenderEnabled":false,"locked":true,"playAmbient":false,"rotationMatrix":[0.707106769,0.707106829,0,-0.707106829,0.707106769,0,0,0,1],"shapeName":"/levels/motorsports_playground/art/shapes/containers/container_01_a.dae","useInstanceRenderData":true}
{"class":"TSStatic","persistentId":"675ea8e3-9e4c-40ac-87bc-5c91a2204193","__parent":"tss9","position":[-2482.23584,556.063721,19.5120049],"isRenderEnabled":false,"locked":true,"playAmbient":false,"rotationMatrix":[0.707106769,0.707106769,0,-0.707106769,0.707106769,0,0,0,1],"shapeName":"/levels/motorsports_playground/art/shapes/containers/containers_40_nodeoline.dae","useInstanceRenderData":true}
{"class":"TSStatic","persistentId":"f381e803-0213-4cdd-b3f0-4fab01fd0737","__parent":"tss9","position":[-2482.21973,556.046631,16.9295731],"isRenderEnabled":false,"locked":true,"playAmbient":false,"rotationMatrix":[-0.707106471,-0.707107008,0,0.707107008,-0.707106471,0,0,0,1],"shapeName":"/levels/motorsports_playground/art/shapes/containers/container_01_b.dae","useInstanceRenderData":true}
{"class":"TSStatic","persistentId":"525c8661-b3ef-4558-aa57-a43cb814127f","__parent":"tss9","position":[-2482.21265,556.075439,14.3722534],"isRenderEnabled":false,"locked":true,"playAmbient":false,"rotationMatrix":[0.707106769,0.707106829,0,-0.707106829,0.707106769,0,0,0,1],"shapeName":"/levels/motorsports_playground/art/shapes/containers/containers_40_okudai.dae","useInstanceRenderData":true}
{"class":"TSStatic","persistentId":"7808dc90-11d2-48ea-8949-2e5c803bcd7a","__parent":"tss9","position":[-2482.19287,556.069031,11.7927923],"isRenderEnabled":false,"locked":true,"playAmbient":false,"rotationMatrix":[0.707106769,0.707106829,0,-0.707106829,0.707106769,0,0,0,1],"shapeName":"/levels/motorsports_playground/art/shapes/containers/containers_40_beamng.dae","useInstanceRenderData":true}
{"class":"TSStatic","persistentId":"61d24e98-c7c7-485e-8bf0-ae982766d356","__parent":"tss9","position":[-2473.7085,564.80365,19.5303173],"isRenderEnabled":false,"locked":true,"playAmbient":false,"rotationMatrix":[0.707106769,0.707106829,0,-0.707106829,0.707106769,0,0,0,1],"shapeName":"/levels/motorsports_playground/art/shapes/containers/containers_40_okudai.dae","useInstanceRenderData":true}
{"class":"TSStatic","persistentId":"3e132f36-f93c-4096-8cd5-99d739d8023f","__parent":"tss9","position":[-2473.72241,564.782959,16.9617252],"isRenderEnabled":false,"locked":true,"playAmbient":false,"rotationMatrix":[-0.707106471,-0.707107008,0,0.707107008,-0.707106471,0,0,0,1],"shapeName":"/levels/motorsports_playground/art/shapes/containers/containers_40_beamng.dae","useInstanceRenderData":true}
{"class":"TSStatic","persistentId":"80f9b43a-b29f-4fdc-9b09-966a6a7daa00","__parent":"tss9","position":[-2473.74048,564.871643,14.3360147],"isRenderEnabled":false,"locked":true,"playAmbient":false,"rotationMatrix":[0.70710659,0.707107008,0,-0.707107008,0.70710659,0,0,0,1],"shapeName":"/levels/motorsports_playground/art/shapes/containers/containers_40_oilex.dae","useInstanceRenderData":true}
{"class":"TSStatic","persistentId":"e5cd28a0-678d-4bd5-ac1e-2b6c50b90513","__parent":"tss9","position":[-2473.69556,564.805359,11.7606459],"isRenderEnabled":false,"locked":true,"playAmbient":false,"rotationMatrix":[0.707106769,0.707106829,0,-0.707106829,0.707106769,0,0,0,1],"shapeName":"/levels/motorsports_playground/art/shapes/containers/container_01_b.dae","useInstanceRenderData":true}
{"class":"TSStatic","persistentId":"332ab70d-5767-4bb4-a553-051d81f623f4","__parent":"tss9","position":[-2465.02539,573.342285,14.3847189],"isRenderEnabled":false,"locked":true,"playAmbient":false,"rotationMatrix":[-0.707106411,-0.707107008,2.30404694e-07,-0.707106829,0.70710659,2.30404524e-07,-3.25841341e-07,-2.12345197e-13,-0.999999821],"shapeName":"/levels/motorsports_playground/art/shapes/containers/containers_40_beamng.dae","useInstanceRenderData":true}
{"class":"TSStatic","persistentId":"fb3cac4f-c380-4e7c-82e9-b2f3b131c554","__parent":"tss9","position":[-2466.75659,571.637451,14.3467445],"isRenderEnabled":false,"locked":true,"playAmbient":false,"rotationMatrix":[-0.707106411,-0.707107008,2.30404694e-07,-0.707106829,0.70710659,2.30404524e-07,-3.25841341e-07,-2.12345197e-13,-0.999999821],"shapeName":"/levels/motorsports_playground/art/shapes/containers/containers_40_okudai.dae","useInstanceRenderData":true}
{"class":"TSStatic","persistentId":"712619b1-1f3d-4cde-b6c2-6d1b9548f935","__parent":"tss9","position":[-2468.48511,569.919922,14.3650551],"isRenderEnabled":false,"locked":true,"playAmbient":false,"rotationMatrix":[-0.707106352,-0.707107008,2.3040468e-07,-0.707106829,0.707106531,2.30404524e-07,-3.25841341e-07,-2.12345197e-13,-0.999999821],"shapeName":"/levels/motorsports_playground/art/shapes/containers/containers_40_nodeoline.dae","useInstanceRenderData":true}
{"class":"TSStatic","persistentId":"564795ea-a3aa-4a15-ac84-23def97b7978","__parent":"tss9","position":[-2470.2251,568.179932,14.3566332],"isRenderEnabled":false,"locked":true,"playAmbient":false,"rotationMatrix":[-0.707106352,-0.707107008,2.3040468e-07,-0.707106829,0.707106531,2.30404524e-07,-3.25841341e-07,-2.12345197e-13,-0.999999821],"shapeName":"/levels/motorsports_playground/art/shapes/containers/containers_40_nodeoline.dae","useInstanceRenderData":true}
{"class":"TSStatic","persistentId":"aa4a5c07-926f-46fe-972e-541e7b00128e","__parent":"tss9","position":[-2465.01392,573.325684,16.9433002],"isRenderEnabled":false,"locked":true,"playAmbient":false,"rotationMatrix":[0.70710659,0.707106709,-2.30404765e-07,0.707106531,-0.707106769,-2.30404424e-07,-3.25841341e-07,-2.12345197e-13,-0.999999821],"shapeName":"/levels/motorsports_playground/art/shapes/containers/containers_40_brown.dae","useInstanceRenderData":true}
{"class":"TSStatic","persistentId":"ea852158-0456-4458-9146-a7b72ad552b8","__parent":"tss9","position":[-2466.73584,571.651367,16.9153366],"isRenderEnabled":false,"locked":true,"playAmbient":false,"rotationMatrix":[0.70710659,0.707106709,-2.30404765e-07,0.707106531,-0.707106769,-2.30404424e-07,-3.25841341e-07,-2.12345197e-13,-0.999999821],"shapeName":"/levels/motorsports_playground/art/shapes/containers/containers_40_beamng.dae","useInstanceRenderData":true}
{"class":"TSStatic","persistentId":"e328d5af-8ccf-4b21-8a84-59c88d162259","__parent":"tss9","position":[-2468.46802,569.903809,16.9474869],"isRenderEnabled":false,"locked":true,"playAmbient":false,"rotationMatrix":[0.70710659,0.707106709,-2.30404765e-07,0.707106531,-0.707106769,-2.30404424e-07,-3.25841341e-07,-2.12345197e-13,-0.999999821],"shapeName":"/levels/motorsports_playground/art/shapes/containers/container_01_b.dae","useInstanceRenderData":true}
{"class":"TSStatic","persistentId":"281de529-7a37-4e2a-b546-13d17e563c73","__parent":"tss9","position":[-2470.20117,568.191162,16.9530659],"isRenderEnabled":false,"locked":true,"playAmbient":false,"rotationMatrix":[0.70710659,0.707106709,-2.30404765e-07,0.707106531,-0.707106769,-2.30404424e-07,-3.25841341e-07,-2.12345197e-13,-0.999999821],"shapeName":"/levels/motorsports_playground/art/shapes/containers/container_01_a.dae","useInstanceRenderData":true}
{"class":"TSStatic","persistentId":"338e268e-54dc-4ee6-bce0-aa3c20216f20","__parent":"tss9","position":[-2465.02539,573.342285,19.5261669],"isRenderEnabled":false,"locked":true,"playAmbient":false,"rotationMatrix":[-0.707106411,-0.707107008,2.30404694e-07,-0.707106829,0.70710659,2.30404524e-07,-3.25841341e-07,-2.12345197e-13,-0.999999821],"shapeName":"/levels/motorsports_playground/art/shapes/containers/containers_40_beamng.dae","useInstanceRenderData":true}
{"class":"TSStatic","persistentId":"31f60450-0432-401f-a172-212d711258e9","__parent":"tss9","position":[-2466.82446,571.669434,19.5410461],"isRenderEnabled":false,"locked":true,"playAmbient":false,"rotationMatrix":[-0.70710659,-0.707106829,2.30404765e-07,-0.70710665,0.707106769,2.30404467e-07,-3.25841341e-07,-2.12345197e-13,-0.999999821],"shapeName":"/levels/motorsports_playground/art/shapes/containers/containers_40_oilex.dae","useInstanceRenderData":true}
{"class":"TSStatic","persistentId":"b609af3c-d9d8-478a-beaa-0711d94dd1c8","__parent":"tss9","position":[-2468.49683,569.896729,19.5048065],"isRenderEnabled":false,"locked":true,"playAmbient":false,"rotationMatrix":[-0.707106411,-0.707107008,2.30404694e-07,-0.707106829,0.70710659,2.30404524e-07,-3.25841341e-07,-2.12345197e-13,-0.999999821],"shapeName":"/levels/motorsports_playground/art/shapes/containers/containers_40_okudai.dae","useInstanceRenderData":true}
{"class":"TSStatic","persistentId":"f47a0dbb-b8ff-4697-8c2e-5040260e7a22","__parent":"tss9","position":[-2470.2251,568.179932,19.5196438],"isRenderEnabled":false,"locked":true,"playAmbient":false,"rotationMatrix":[-0.707106352,-0.707107008,2.3040468e-07,-0.707106829,0.707106531,2.30404524e-07,-3.25841341e-07,-2.12345197e-13,-0.999999821],"shapeName":"/levels/motorsports_playground/art/shapes/containers/containers_40_nodeoline.dae","useInstanceRenderData":true}
{"class":"TSStatic","persistentId":"74625535-1586-48f3-95fa-06354c21e1d1","__parent":"tss9","position":[-2470.2124,568.202637,22.1122284],"isRenderEnabled":false,"locked":true,"playAmbient":false,"rotationMatrix":[-0.707106411,-0.707107008,2.30404694e-07,-0.707106829,0.70710659,2.30404524e-07,-3.25841341e-07,-2.12345197e-13,-0.999999821],"shapeName":"/levels/motorsports_playground/art/shapes/containers/containers_40_brown.dae","useInstanceRenderData":true}
{"class":"TSStatic","persistentId":"bb3237fa-9cd3-4bce-909c-9144f7f28460","__parent":"tss9","position":[-2468.49048,569.876953,22.0842667],"isRenderEnabled":false,"locked":true,"playAmbient":false,"rotationMatrix":[-0.707106411,-0.707107008,2.30404694e-07,-0.707106829,0.70710659,2.30404524e-07,-3.25841341e-07,-2.12345197e-13,-0.999999821],"shapeName":"/levels/motorsports_playground/art/shapes/containers/containers_40_beamng.dae","useInstanceRenderData":true}
{"class":"TSStatic","persistentId":"3eff7fb5-4fce-4ee2-b009-30cc7738e8a3","__parent":"tss9","position":[-2466.7583,571.624512,22.1164131],"isRenderEnabled":false,"locked":true,"playAmbient":false,"rotationMatrix":[-0.707106411,-0.707107008,2.30404694e-07,-0.707106829,0.70710659,2.30404524e-07,-3.25841341e-07,-2.12345197e-13,-0.999999821],"shapeName":"/levels/motorsports_playground/art/shapes/containers/container_01_b.dae","useInstanceRenderData":true}
{"class":"TSStatic","persistentId":"d64f6873-ad1e-49b7-a022-9e5c262e9e92","__parent":"tss9","position":[-2465.02515,573.337158,22.1219921],"isRenderEnabled":false,"locked":true,"playAmbient":false,"rotationMatrix":[-0.707106411,-0.707107008,2.30404694e-07,-0.707106829,0.70710659,2.30404524e-07,-3.25841341e-07,-2.12345197e-13,-0.999999821],"shapeName":"/levels/motorsports_playground/art/shapes/containers/container_01_a.dae","useInstanceRenderData":true}
{"class":"TSStatic","persistentId":"faefef57-7f3c-442e-a686-a9d8af94b6a3","__parent":"tss9","position":[-2463.28394,575.0271,14.3650541],"isRenderEnabled":false,"locked":true,"playAmbient":false,"rotationMatrix":[-0.707106352,-0.707107008,2.3040468e-07,-0.707106829,0.707106531,2.30404524e-07,-3.25841341e-07,-2.12345197e-13,-0.999999821],"shapeName":"/levels/motorsports_playground/art/shapes/containers/containers_40_nodeoline.dae","useInstanceRenderData":true}
{"class":"TSStatic","persistentId":"e6668d36-e95d-48a5-b9e7-16fec3b28cb2","__parent":"tss9","position":[-2463.26685,575.010986,16.947485],"isRenderEnabled":false,"locked":true,"playAmbient":false,"rotationMatrix":[0.70710659,0.707106709,-2.30404765e-07,0.707106531,-0.707106769,-2.30404424e-07,-3.25841341e-07,-2.12345197e-13,-0.999999821],"shapeName":"/levels/motorsports_playground/art/shapes/containers/container_01_b.dae","useInstanceRenderData":true}
{"class":"TSStatic","persistentId":"a440e954-613e-4531-886f-386df003052e","__parent":"tss9","position":[-2463.29565,575.003906,19.5048046],"isRenderEnabled":false,"locked":true,"playAmbient":false,"rotationMatrix":[-0.707106411,-0.707107008,2.30404694e-07,-0.707106829,0.70710659,2.30404524e-07,-3.25841341e-07,-2.12345197e-13,-0.999999821],"shapeName":"/levels/motorsports_playground/art/shapes/containers/containers_40_okudai.dae","useInstanceRenderData":true}
{"class":"TSStatic","persistentId":"93a10595-4bc3-4c12-bc1e-62240397c119","__parent":"tss9","position":[-2463.28931,574.984131,22.0842667],"isRenderEnabled":false,"locked":true,"playAmbient":false,"rotationMatrix":[-0.707106411,-0.707107008,2.30404694e-07,-0.707106829,0.70710659,2.30404524e-07,-3.25841341e-07,-2.12345197e-13,-0.999999821],"shapeName":"/levels/motorsports_playground/art/shapes/containers/containers_40_beamng.dae","useInstanceRenderData":true}
{"class":"TSStatic","persistentId":"28cb666a-d826-42ed-8075-417fb70b812a","__parent":"tss9","position":[-2472.02368,566.499756,14.3467445],"isRenderEnabled":false,"locked":true,"playAmbient":false,"rotationMatrix":[-0.707106411,-0.707107008,2.30404694e-07,-0.707106829,0.70710659,2.30404524e-07,-3.25841341e-07,-2.12345197e-13,-0.999999821],"shapeName":"/levels/motorsports_playground/art/shapes/containers/containers_40_okudai.dae","useInstanceRenderData":true}
{"class":"TSStatic","persistentId":"84b5172f-c9dc-4f71-b546-418b754e5051","__parent":"tss9","position":[-2472.00293,566.513672,16.9153366],"isRenderEnabled":false,"locked":true,"playAmbient":false,"rotationMatrix":[0.70710659,0.707106709,-2.30404765e-07,0.707106531,-0.707106769,-2.30404424e-07,-3.25841341e-07,-2.12345197e-13,-0.999999821],"shapeName":"/levels/motorsports_playground/art/shapes/containers/containers_40_beamng.dae","useInstanceRenderData":true}
{"class":"TSStatic","persistentId":"e1a25442-2eb9-4e7e-a8e4-c06dbcc7dccc","__parent":"tss9","position":[-2472.09155,566.531738,19.5410461],"isRenderEnabled":false,"locked":true,"playAmbient":false,"rotationMatrix":[-0.70710659,-0.707106829,2.30404765e-07,-0.70710665,0.707106769,2.30404467e-07,-3.25841341e-07,-2.12345197e-13,-0.999999821],"shapeName":"/levels/motorsports_playground/art/shapes/containers/containers_40_oilex.dae","useInstanceRenderData":true}
{"class":"TSStatic","persistentId":"6e86cda1-afe3-40f1-b082-0dda2e6375ce","__parent":"tss9","position":[-2472.02539,566.486816,22.1164131],"isRenderEnabled":false,"locked":true,"playAmbient":false,"rotationMatrix":[-0.707106411,-0.707107008,2.30404694e-07,-0.707106829,0.70710659,2.30404524e-07,-3.25841341e-07,-2.12345197e-13,-0.999999821],"shapeName":"/levels/motorsports_playground/art/shapes/containers/container_01_b.dae","useInstanceRenderData":true}
{"class":"TSStatic","persistentId":"8f7ab1f6-e026-4e10-bb58-92e7c7e54ae8","__parent":"tss9","position":[-2459.84326,578.515747,19.4923401],"isRenderEnabled":false,"locked":true,"playAmbient":false,"rotationMatrix":[0.707106769,0.707106829,0,-0.707106829,0.707106769,0,0,0,1],"shapeName":"/levels/motorsports_playground/art/shapes/containers/containers_40_beamng.dae","useInstanceRenderData":true}
{"class":"TSStatic","persistentId":"c5ade399-105f-41a5-b157-2bba65cd506d","__parent":"tss9","position":[-2458.13843,580.246948,19.5303154],"isRenderEnabled":false,"locked":true,"playAmbient":false,"rotationMatrix":[0.707106769,0.707106829,0,-0.707106829,0.707106769,0,0,0,1],"shapeName":"/levels/motorsports_playground/art/shapes/containers/containers_40_okudai.dae","useInstanceRenderData":true}
{"class":"TSStatic","persistentId":"4fc10d31-e889-4def-a316-b0d177db3923","__parent":"tss9","position":[-2456.4209,581.97583,19.5120049],"isRenderEnabled":false,"locked":true,"playAmbient":false,"rotationMatrix":[0.707106769,0.707106769,0,-0.707106769,0.707106769,0,0,0,1],"shapeName":"/levels/motorsports_playground/art/shapes/containers/containers_40_nodeoline.dae","useInstanceRenderData":true}
{"class":"TSStatic","persistentId":"ffd43d6d-a812-498c-a0fd-e4ca74991e97","__parent":"tss9","position":[-2454.68091,583.715881,19.5204277],"isRenderEnabled":false,"locked":true,"playAmbient":false,"rotationMatrix":[0.707106769,0.707106769,0,-0.707106769,0.707106769,0,0,0,1],"shapeName":"/levels/motorsports_playground/art/shapes/containers/containers_40_nodeoline.dae","useInstanceRenderData":true}
{"class":"TSStatic","persistentId":"a9031731-a6a8-47a7-bf3b-3faf8a2cabc7","__parent":"tss9","position":[-2459.82666,578.504272,16.9337597],"isRenderEnabled":false,"locked":true,"playAmbient":false,"rotationMatrix":[-0.707106471,-0.707107008,0,0.707107008,-0.707106471,0,0,0,1],"shapeName":"/levels/motorsports_playground/art/shapes/containers/containers_40_brown.dae","useInstanceRenderData":true}
{"class":"TSStatic","persistentId":"0377a39e-3b22-4ebc-b43f-218187685e76","__parent":"tss9","position":[-2458.15234,580.226257,16.9617233],"isRenderEnabled":false,"locked":true,"playAmbient":false,"rotationMatrix":[-0.707106471,-0.707107008,0,0.707107008,-0.707106471,0,0,0,1],"shapeName":"/levels/motorsports_playground/art/shapes/containers/containers_40_beamng.dae","useInstanceRenderData":true}
{"class":"TSStatic","persistentId":"2157fa6b-f9a5-49e9-9389-d5241a59d569","__parent":"tss9","position":[-2456.40479,581.95874,16.9295731],"isRenderEnabled":false,"locked":true,"playAmbient":false,"rotationMatrix":[-0.707106471,-0.707107008,0,0.707107008,-0.707106471,0,0,0,1],"shapeName":"/levels/motorsports_playground/art/shapes/containers/container_01_b.dae","useInstanceRenderData":true}
{"class":"TSStatic","persistentId":"252f6e7e-6306-48d3-a83f-59e75ce3403b","__parent":"tss9","position":[-2454.69214,583.691833,16.9239941],"isRenderEnabled":false,"locked":true,"playAmbient":false,"rotationMatrix":[-0.707106471,-0.707107008,0,0.707107008,-0.707106471,0,0,0,1],"shapeName":"/levels/motorsports_playground/art/shapes/containers/container_01_a.dae","useInstanceRenderData":true}
{"class":"TSStatic","persistentId":"81000a5a-f0f1-446a-916a-9e7e6cb42461","__parent":"tss9","position":[-2459.84326,578.515747,14.3508911],"isRenderEnabled":false,"locked":true,"playAmbient":false,"rotationMatrix":[0.707106769,0.707106829,0,-0.707106829,0.707106769,0,0,0,1],"shapeName":"/levels/motorsports_playground/art/shapes/containers/containers_40_beamng.dae","useInstanceRenderData":true}
{"class":"TSStatic","persistentId":"624c461f-48e9-4e19-9355-68f8768f950f","__parent":"tss9","position":[-2458.17041,580.314941,14.3360128],"isRenderEnabled":false,"locked":true,"playAmbient":false,"rotationMatrix":[0.70710659,0.707107008,0,-0.707107008,0.70710659,0,0,0,1],"shapeName":"/levels/motorsports_playground/art/shapes/containers/containers_40_oilex.dae","useInstanceRenderData":true}
{"class":"TSStatic","persistentId":"ab7c4602-3b58-4ef2-97ca-6f889a732757","__parent":"tss9","position":[-2456.39771,581.987549,14.3722534],"isRenderEnabled":false,"locked":true,"playAmbient":false,"rotationMatrix":[0.707106769,0.707106829,0,-0.707106829,0.707106769,0,0,0,1],"shapeName":"/levels/motorsports_playground/art/shapes/containers/containers_40_okudai.dae","useInstanceRenderData":true}
{"class":"TSStatic","persistentId":"840dec18-b9fa-4dde-9cc6-73856db4807c","__parent":"tss9","position":[-2454.68091,583.715881,14.3574171],"isRenderEnabled":false,"locked":true,"playAmbient":false,"rotationMatrix":[0.707106769,0.707106769,0,-0.707106769,0.707106769,0,0,0,1],"shapeName":"/levels/motorsports_playground/art/shapes/containers/containers_40_nodeoline.dae","useInstanceRenderData":true}
{"class":"TSStatic","persistentId":"dfbc1886-ed83-4f9b-b4dd-4ca4d1cd50b9","__parent":"tss9","position":[-2454.70361,583.703125,11.7648296],"isRenderEnabled":false,"locked":true,"playAmbient":false,"rotationMatrix":[0.707106769,0.707106829,0,-0.707106829,0.707106769,0,0,0,1],"shapeName":"/levels/motorsports_playground/art/shapes/containers/containers_40_brown.dae","useInstanceRenderData":true}
{"class":"TSStatic","persistentId":"05ed1e51-8351-4995-b682-2220b6731cd3","__parent":"tss9","position":[-2456.37793,581.98114,11.7927923],"isRenderEnabled":false,"locked":true,"playAmbient":false,"rotationMatrix":[0.707106769,0.707106829,0,-0.707106829,0.707106769,0,0,0,1],"shapeName":"/levels/motorsports_playground/art/shapes/containers/containers_40_beamng.dae","useInstanceRenderData":true}
{"class":"TSStatic","persistentId":"c06ab1a8-3f4a-4dfd-a4c4-e228d960ab9e","__parent":"tss9","position":[-2458.12549,580.248657,11.760644],"isRenderEnabled":false,"locked":true,"playAmbient":false,"rotationMatrix":[0.707106769,0.707106829,0,-0.707106829,0.707106769,0,0,0,1],"shapeName":"/levels/motorsports_playground/art/shapes/containers/container_01_b.dae","useInstanceRenderData":true}
{"class":"TSStatic","persistentId":"a033f7fb-bf6b-4a99-a46b-663b9fe5c777","__parent":"tss9","position":[-2459.83813,578.515564,11.755064],"isRenderEnabled":false,"locked":true,"playAmbient":false,"rotationMatrix":[0.707106769,0.707106829,0,-0.707106829,0.707106769,0,0,0,1],"shapeName":"/levels/motorsports_playground/art/shapes/containers/container_01_a.dae","useInstanceRenderData":true}
