{"name":"Portal_1","class":"Portal","persistentId":"ee91673a-a677-4734-aacf-f15fba1de8da","__parent":"tunnels","position":[21.2491188,-68.5929031,11.2843752],"locked":true,"rotationMatrix":[1,0,0,0,0.998843551,0.0480776727,0,-0.0480776727,0.998843551],"scale":[10.6333227,0.25,4.9759388]}
{"name":"Portal_2","class":"Portal","persistentId":"e773eedd-e5a7-4391-9f98-b707febc9a5c","__parent":"tunnels","position":[21.1744976,-80.0830307,10.7473516],"locked":true,"scale":[10.9717627,0.25,5.04232025]}
{"name":"Portal_3","class":"Portal","persistentId":"6008c094-d840-4cc6-81b9-92ba873d8dd1","__parent":"tunnels","position":[21.2981014,-677.996765,13.4942293],"locked":true,"scale":[10.6333227,0.25,5.24614143]}
{"name":"Portal_4","class":"Portal","persistentId":"84d07771-5bc6-4367-970f-766b1019d7fb","__parent":"tunnels","position":[21.2234802,-693.177979,13.1851673],"locked":true,"rotationMatrix":[1,0,0,0,0.999937296,0.0111950822,0,-0.0111950822,0.999937296],"scale":[10.9717627,0.25,5.04232025]}
{"name":"Portal_5","class":"Portal","persistentId":"86efd30a-0e88-495a-814b-0334412ebf0c","__parent":"tunnels","position":[16.2425232,79.5577927,10.1690607],"locked":true,"rotationMatrix":[1,0,0,0,0.997894347,-0.0648595169,0,0.0648595169,0.997894347],"scale":[10.9717627,0.25,5.04232025]}
{"name":"Portal_6","class":"Portal","persistentId":"c6b5c69c-0491-4fff-b1c0-4fe83e94249f","__parent":"tunnels","position":[16.1887417,94.4093018,9.45079994],"locked":true,"scale":[10.9717627,0.25,5.04232025]}
{"name":"Portal_10","class":"Portal","persistentId":"a3f1fe20-b18c-4d0d-83c1-01abb1ee1dcc","__parent":"tunnels","position":[16.1183147,731.546021,11.5524521],"locked":true,"scale":[10.9717627,0.25,5.04232025]}
{"name":"Portal_11","class":"Portal","persistentId":"17436af1-c012-4d4c-9356-5b04e97bf42a","__parent":"tunnels","position":[16.1886597,749.303955,12.7284737],"locked":true,"rotationMatrix":[1,0,0,0,0.997701049,0.0677681193,0,-0.0677681193,0.997701049],"scale":[10.9717627,0.25,5.04232025]}
{"name":"Zone_1","class":"Zone","persistentId":"5222ea6c-4842-4f57-bc05-0cbdc873b388","__parent":"tunnels","position":[16.2205715,673.237244,5.51230145],"ambientLightColor":[0.414654076,0.397690713,0.360339999,1],"locked":true,"rotationMatrix":[1,0,0,0,0.99772656,0.0673909858,0,-0.0673909858,0.99772656],"scale":[10,152.640015,10],"soundAmbience":"Level_Tunnel_Closed","useAmbientLightColor":true}
{"name":"Zone_2","class":"Zone","persistentId":"5ce86f4b-0234-4d48-8d21-a72671d33dcb","__parent":"tunnels","position":[16.2205715,136.123291,3.45394206],"ambientLightColor":[0.414654076,0.397690713,0.360339999,1],"locked":true,"rotationMatrix":[1,0,0,0,0.996623635,-0.0820973143,0,0.0820973143,0.996623635],"scale":[10,113.677551,10],"soundAmbience":"Level_Tunnel_Closed","useAmbientLightColor":true}
{"name":"Zone_3","class":"Zone","persistentId":"cc3ad99f-9a1e-43a2-a1b9-6ac0d964e3dc","__parent":"tunnels","position":[16.2205715,438.068451,-1.28625023],"ambientLightColor":[0.414654076,0.397690713,0.360339999,1],"locked":true,"rotationMatrix":[1,0,0,0,0.999994159,-0.00331135979,0,0.00331135979,0.999994159],"scale":[10,547.064392,14.7175236],"soundAmbience":"Level_Tunnel_Closed","useAmbientLightColor":true}
{"name":"Zone_4","class":"Zone","persistentId":"89a05d38-006b-4d41-83ea-e489bf6337c4","__parent":"tunnels","position":[21.1907177,-123.762604,6.29831123],"ambientLightColor":[0.414654076,0.397690713,0.360339999,1],"locked":true,"rotationMatrix":[1,0,0,0,0.998656511,0.0518166982,0,-0.0518166982,0.998656511],"scale":[10.9407978,110.68187,10],"soundAmbience":"Level_Tunnel_Closed","useAmbientLightColor":true}
{"name":"Zone_5","class":"Zone","persistentId":"655a4f61-ef95-4060-8c09-82d1482ab65f","__parent":"tunnels","position":[21.1907177,-231.874405,3.10036802],"ambientLightColor":[0.414654076,0.397690713,0.360339999,1],"locked":true,"rotationMatrix":[1,0,0,0,0.999973357,0.00730123138,0,-0.00730123138,0.999973357],"scale":[17,110.68187,9.06854057],"soundAmbience":"Level_Tunnel_Closed","useAmbientLightColor":true}
{"name":"Zone_6","class":"Zone","persistentId":"311899fe-eaaf-47a9-8338-911bb8bd8c24","__parent":"tunnels","position":[21.1907177,-375.977936,-1.22699642],"ambientLightColor":[0.414654076,0.397690713,0.360339999,1],"locked":true,"rotationMatrix":[1,0,0,0,0.999988914,-0.00462777168,0,0.00462777168,0.999988914],"scale":[30,180,18],"soundAmbience":"Level_Tunnel_Closed","useAmbientLightColor":true}
{"name":"Zone_7","class":"Zone","persistentId":"77d93664-bd50-4415-9ac5-6151fb0ad539","__parent":"tunnels","position":[21.1907177,-571.569031,8.55004883],"ambientLightColor":[0.414654076,0.397690713,0.360339999,1],"locked":true,"rotationMatrix":[1,0,0,0,0.999301016,-0.0373668224,0,0.0373668224,0.999301016],"scale":[14,104.81279,13.6164169],"soundAmbience":"Level_Tunnel_Closed","useAmbientLightColor":true}
{"name":"Zone_8","class":"Zone","persistentId":"75b3a3b4-8a8a-4d63-97a0-6526a99b8019","__parent":"tunnels","position":[21.1907177,-656.511414,13.9035997],"ambientLightColor":[0.414654076,0.397690713,0.360339999,1],"locked":true,"rotationMatrix":[1,0,0,0,0.999880195,0.0154273082,0,-0.0154273082,0.999880195],"scale":[10.9407978,73.2320251,6.0449872],"soundAmbience":"Level_Tunnel_Closed","useAmbientLightColor":true}
{"name":"Portal_7","class":"Portal","persistentId":"6bc7978e-2433-46ea-b741-9b7d0643d012","__parent":"tunnels","position":[15.8524284,164.505264,2.99636197],"locked":true,"rotationMatrix":[1,0,0,0,0.999996364,-0.00270183105,0,0.00270183105,0.999996364],"scale":[10.9717627,0.25,5.04232025]}
{"name":"Portal_8","class":"Portal","persistentId":"b0d3b06b-cdba-4146-a13e-5c3dcd8b4635","__parent":"tunnels","position":[16.1202393,193.002213,1.10992742],"locked":true,"rotationMatrix":[1,0,0,0,0.99707967,-0.0763683096,0,0.0763683096,0.99707967],"scale":[10.9717627,0.25,5.04232025]}
{"name":"Portal_9","class":"Portal","persistentId":"81fec8da-0afc-47e3-9c76-b84db8715d0d","__parent":"tunnels","position":[16.1732502,597.017639,0.982888401],"locked":true,"rotationMatrix":[1,0,0,0,0.998068094,0.0621285811,0,-0.0621285811,0.998068094],"scale":[10.9717627,0.25,5.04232025]}
{"name":"Portal_12","class":"Portal","persistentId":"51acedd9-6483-457b-9846-5cdd69474db4","__parent":"tunnels","position":[16.1289501,649.50415,5.42794418],"locked":true,"rotationMatrix":[1,0,0,0,0.00354384142,0.999993443,0,-0.999993443,0.00354384142],"scale":[10.9717627,0.25,39]}
{"name":"Portal_13","class":"Portal","persistentId":"cacd872d-7b08-405b-ba8b-42149857aa58","__parent":"tunnels","position":[21.1915989,-176.618439,5.34130621],"locked":true,"rotationMatrix":[1,0,0,0,0.999942482,0.0107236123,0,-0.0107236123,0.999942482],"scale":[10.6333227,0.25,4.9759388]}
{"name":"Portal_14","class":"Portal","persistentId":"5308ad76-04d7-4346-b1e4-a62a7ad29854","__parent":"tunnels","position":[21.1915989,-179.165329,4.95527792],"locked":true,"rotationMatrix":[1,0,0,0,0.998752832,0.049925983,0,-0.049925983,0.998752832],"scale":[10.6333227,0.25,5.30000019]}
{"name":"Portal_15","class":"Portal","persistentId":"1b88776a-9d97-46e7-bbe0-f6b7d5d39b33","__parent":"tunnels","position":[23.95924,-285.953674,3.70456648],"locked":true,"scale":[10.6333227,0.25,5.30000019]}
{"name":"Portal_16","class":"Portal","persistentId":"3ea1fa31-a50d-42c4-a8ee-6f74e3bb7fb6","__parent":"tunnels","position":[24.6369438,-287.18454,3.69445586],"locked":true,"rotationMatrix":[1,0,0,0,0.999999762,-0.000690533896,0,0.000690533896,0.999999762],"scale":[10.6333227,0.25,5.30000019]}
{"name":"Portal_17","class":"Portal","persistentId":"07af7cb9-8191-4c8e-a28f-3d3ff7cf12a0","__parent":"tunnels","position":[23.0858364,-519.188477,7.47704887],"locked":true,"rotationMatrix":[1,0,0,0,0.998645723,-0.0520261154,0,0.0520261154,0.998645723],"scale":[10.6333227,0.25,5.30000019]}
{"name":"Portal_18","class":"Portal","persistentId":"fbb2ab85-ca0c-4b77-8855-be202e065b32","__parent":"tunnels","position":[22.7681427,-519.563965,8.31827927],"locked":true,"rotationMatrix":[1,0,0,0,0.998865426,-0.0476221405,0,0.0476221405,0.998865426],"scale":[10.6333227,0.25,5.30000019]}
{"name":"Portal_19","class":"Portal","persistentId":"adfa68da-bdb8-49af-bbe8-82a931ba54a7","__parent":"tunnels","position":[21.2053013,-619.822266,14.1093225],"locked":true,"scale":[10.6333227,0.25,5.30000019]}
{"name":"Portal_20","class":"Portal","persistentId":"373783af-51db-4026-a82f-d965aba452f0","__parent":"tunnels","position":[21.1875916,-623.843994,14.5036926],"locked":true,"rotationMatrix":[1,0,0,0,0.999273956,-0.0380968526,0,0.0380968526,0.999273956],"scale":[10.6333227,0.25,5.30000019]}
{"name":"Zone_9","class":"Zone","persistentId":"978792c5-c092-49ca-b83e-ac817745dc48","__parent":"tunnels","position":[-57.6780624,-226.886032,4.13966131],"ambientLightColor":[0.414654076,0.397690713,0.360339999,1],"locked":true,"rotationMatrix":[-3.25734305e-07,1,-8.35199732e-09,-0.998014808,-3.25613598e-07,-0.0629687235,-0.0629687235,-1.21756569e-08,0.998014808],"scale":[13,104.81279,13.6164169],"soundAmbience":"Level_Tunnel_Closed","useAmbientLightColor":true}
{"name":"Zone_10","class":"Zone","persistentId":"a7e1c214-301b-4ed8-a71d-2a7901a04dd5","__parent":"tunnels","position":[-201.988998,-226.886002,1.69344568],"ambientLightColor":[0.414654076,0.397690713,0.360339999,1],"locked":true,"rotationMatrix":[-3.255563e-07,1,1.3627047e-08,-0.99998939,-3.25613598e-07,0.00445774198,0.00445774198,-1.21756569e-08,0.99998939],"scale":[13,187,13.6164169],"soundAmbience":"Level_Tunnel_Closed","useAmbientLightColor":true}
{"name":"Zone_11","class":"Zone","persistentId":"9f1c117d-7296-417b-bac9-88846e67af6a","__parent":"tunnels","position":[-326.088165,-226.886124,5.27258539],"ambientLightColor":[0.414654076,0.397690713,0.360339999,1],"locked":true,"rotationMatrix":[5.39756684e-10,-0.99999994,-1.21658186e-08,0.996618807,1.53698232e-09,-0.0821535513,0.0821535289,-1.20804042e-08,0.996618867],"scale":[13,68.5328598,13.6164169],"soundAmbience":"Level_Tunnel_Closed","useAmbientLightColor":true}
{"name":"Portal_21","class":"Portal","persistentId":"ab1002f1-222a-4ea4-8ccb-f5b96216318c","__parent":"tunnels","position":[-355.136963,-227.049484,10.8791647],"locked":true,"rotationMatrix":[-3.2584137e-07,1,0,-1,-3.2584137e-07,0,0,0,1],"scale":[10.6333227,0.25,5.30000019]}
{"name":"Portal_22","class":"Portal","persistentId":"e6baef78-79a6-44c5-aa0e-f17527559499","__parent":"tunnels","position":[-360.34082,-227.049484,10.8791647],"locked":true,"rotationMatrix":[-3.2584137e-07,1,0,-1,-3.2584137e-07,0,0,0,1],"scale":[10.6333227,0.25,5.30000019]}
{"name":"Portal_23","class":"Portal","persistentId":"42ebe051-138f-4c96-abde-cbd39ec37edd","__parent":"tunnels","position":[-295.530396,-226.953308,6.16089821],"locked":true,"rotationMatrix":[-3.2584137e-07,1,0,-1,-3.2584137e-07,0,0,0,1],"scale":[10.6333227,0.25,5.30000019]}
{"name":"Portal_24","class":"Portal","persistentId":"8ed83cff-9efb-4844-91c7-f34c9c55b23f","__parent":"tunnels","position":[-291.660217,-226.953308,6.16089821],"locked":true,"rotationMatrix":[-3.2584137e-07,1,0,-1,-3.2584137e-07,0,0,0,1],"scale":[10.6333227,0.25,5.30000019]}
{"name":"Portal_25","class":"Portal","persistentId":"e97e16f1-e3e7-4049-93fe-bbe908524562","__parent":"tunnels","position":[-110.220428,-227.037033,4.46705055],"locked":true,"rotationMatrix":[-3.2584137e-07,1,0,-1,-3.2584137e-07,0,0,0,1],"scale":[10.6333227,0.25,5.30000019]}
{"name":"Portal_26","class":"Portal","persistentId":"894c503e-57ba-4ec6-ae4e-2f046594ab50","__parent":"tunnels","position":[-108.382347,-227.037033,4.46705055],"locked":true,"rotationMatrix":[-3.2584137e-07,1,0,-1,-3.2584137e-07,0,0,0,1],"scale":[10.6333227,0.25,5.30000019]}
{"name":"Portal_27","class":"Portal","persistentId":"277804d2-dab2-46cd-8a03-9dc57ab01215","__parent":"tunnels","position":[-5.32032251,-226.835495,11.0911465],"locked":true,"rotationMatrix":[-3.2584137e-07,1,0,-1,-3.2584137e-07,0,0,0,1],"scale":[10.6333227,0.25,5.30000019]}
{"name":"Portal_28","class":"Portal","persistentId":"8d0b6708-de89-4f3f-bdae-88fc8faf73fc","__parent":"tunnels","position":[-23.5777378,-226.835495,10.4556036],"locked":true,"rotationMatrix":[-3.2584137e-07,1,0,-1,-3.2584137e-07,0,0,0,1],"scale":[10.6333227,0.25,5.30000019]}
{"name":"Zone_12","class":"Zone","persistentId":"bd856c20-e072-4b72-b14d-8e27f77e0df1","__parent":"tunnels","position":[-491.648773,458.9375,2.57750535],"ambientLightColor":[0.414654076,0.397690713,0.360339999,1],"locked":true,"rotationMatrix":[-3.24941425e-07,1,-2.41995171e-08,-0.993765831,-3.25613598e-07,-0.111479491,-0.111479491,-1.21756569e-08,0.993765831],"scale":[11,137.410034,13.6164169],"soundAmbience":"Level_Tunnel_Closed","useAmbientLightColor":true}
{"name":"Zone_13","class":"Zone","persistentId":"0c8c42ad-f15a-4261-9956-fb0545dab6a3","__parent":"tunnels","position":[-625.314392,458.9375,2.57750535],"ambientLightColor":[0.414654076,0.397690713,0.360339999,1],"locked":true,"rotationMatrix":[-3.57627869e-07,0.999999881,1.25728556e-08,-0.999999881,-3.57627869e-07,-4.4408921e-15,8.8817842e-16,-1.25728556e-08,1],"scale":[11,249.290405,13.6164169],"soundAmbience":"Level_Tunnel_Closed","useAmbientLightColor":true}
{"name":"Zone_14","class":"Zone","persistentId":"184557fd-1e47-4899-9209-78ad0a73d784","__parent":"tunnels","position":[-797.723877,458.9375,7.09607601],"ambientLightColor":[0.414654076,0.397690713,0.360339999,1],"locked":true,"rotationMatrix":[6.51227708e-07,-1,-2.49042742e-09,0.996929705,6.49423669e-07,-0.0782875866,0.0782875866,4.850029e-08,0.996929705],"scale":[11,105.751984,13.6164169],"soundAmbience":"Level_Tunnel_Closed","useAmbientLightColor":true}
{"name":"Portal_29","class":"Portal","persistentId":"13ee99f1-0969-4d9b-a7a6-8bf29ec22215","__parent":"tunnels","position":[-850.577026,458.916779,13.6890945],"locked":true,"rotationMatrix":[-3.2584137e-07,1,0,-1,-3.2584137e-07,0,0,0,1],"scale":[10.6333227,0.25,5.30000019]}
{"name":"Portal_30","class":"Portal","persistentId":"4c5790ce-f399-4c81-89b2-22712f020a45","__parent":"tunnels","position":[-828.047852,458.965942,13.6297369],"locked":true,"rotationMatrix":[-3.2584137e-07,1,0,-1,-3.2584137e-07,0,0,0,1],"scale":[10.6333227,0.25,5.30000019]}
{"name":"Portal_31","class":"Portal","persistentId":"e2094986-99d1-42ee-a186-9a567b1a65ad","__parent":"tunnels","position":[-750.040405,458.977234,6.32288742],"locked":true,"rotationMatrix":[-3.2584137e-07,1,0,-1,-3.2584137e-07,0,0,0,1],"scale":[10.6333227,0.25,5.30000019]}
{"name":"Portal_32","class":"Portal","persistentId":"737e517d-6ca1-4609-ae7b-ba8bec924a3d","__parent":"tunnels","position":[-744.64978,458.977234,6.00770903],"locked":true,"rotationMatrix":[-3.2584137e-07,1,0,-1,-3.2584137e-07,0,0,0,1],"scale":[10.6333227,0.25,6]}
{"name":"Portal_33","class":"Portal","persistentId":"d83d7574-ca96-4639-a1be-218e43059642","__parent":"tunnels","position":[-560.806946,459.148712,3.63094449],"locked":true,"rotationMatrix":[-3.2584137e-07,1,0,-1,-3.2584137e-07,0,0,0,1],"scale":[10.6333227,0.25,6]}
{"name":"Portal_34","class":"Portal","persistentId":"76123bef-bc10-49f7-80c2-258057facc5a","__parent":"tunnels","position":[-500.591766,458.96698,5.76356506],"locked":true,"rotationMatrix":[-3.2584137e-07,1,0,-1,-3.2584137e-07,0,0,0,1],"scale":[10.6333227,0.25,6]}
{"name":"Portal_35","class":"Portal","persistentId":"70d6fa1d-8742-4bd5-b739-8a6cd5c503a3","__parent":"tunnels","position":[-423.131409,459.301788,12.1993246],"locked":true,"rotationMatrix":[-3.2584137e-07,1,0,-1,-3.2584137e-07,0,0,0,1],"scale":[10.6333227,0.25,6]}
{"name":"Portal_36","class":"Portal","persistentId":"ddd44904-b45e-4864-9ae0-5fa3253139b5","__parent":"tunnels","position":[-441.316376,459.301788,11.8820744],"locked":true,"rotationMatrix":[-3.2584137e-07,1,0,-1,-3.2584137e-07,0,0,0,1],"scale":[10.6333227,0.25,6]}
{"name":"Zone_15","class":"Zone","persistentId":"ecbd16e3-f58f-49b6-8e43-84d8fa3c4516","__parent":"tunnels","position":[660.48938,636.881836,3.93493652],"ambientLightColor":[0.414654076,0.397690713,0.360339999,1],"locked":true,"rotationMatrix":[-3.23971165e-07,1,3.48611913e-08,-0.997563064,-3.25613598e-07,0.0697610974,0.0697610974,-1.21756569e-08,0.997563064],"scale":[13,85.2520752,10],"soundAmbience":"Level_Tunnel_Closed","useAmbientLightColor":true}
{"name":"Zone_16","class":"Zone","persistentId":"3c1927ac-ec61-4cf1-863d-5b291f38a6b8","__parent":"tunnels","position":[823.646545,636.881836,0.621723652],"ambientLightColor":[0.414654076,0.397690713,0.360339999,1],"locked":true,"rotationMatrix":[5.96046448e-08,0.99999994,1.8626455e-08,-0.99999994,5.96046448e-08,0,0,-1.8626455e-08,1],"scale":[13,249.421753,10],"soundAmbience":"Level_Tunnel_Closed","useAmbientLightColor":true}
{"name":"Zone_17","class":"Zone","persistentId":"45e0ebdb-5483-484f-8699-9def2edce828","__parent":"tunnels","position":[994.236023,636.881836,4.77346611],"ambientLightColor":[0.414654076,0.397690713,0.360339999,1],"locked":true,"rotationMatrix":[-1.87023375e-09,-1,3.48611913e-08,0.997563064,5.66245717e-10,0.0697610974,-0.0697610974,3.49067122e-08,0.997563064],"scale":[13,100.580246,10],"soundAmbience":"Level_Tunnel_Closed","useAmbientLightColor":true}
{"name":"Portal_37","class":"Portal","persistentId":"8a350e39-e08b-46f2-87ec-3fa59043c54d","__parent":"tunnels","position":[1044.63293,637.049316,9.36120033],"locked":true,"rotationMatrix":[-3.2584137e-07,1,0,-1,-3.2584137e-07,0,0,0,1],"scale":[10.6333227,0.25,5.30000019]}
{"name":"Portal_38","class":"Portal","persistentId":"48cd09eb-bbd8-45bf-b76f-78ea57ee4041","__parent":"tunnels","position":[1012.17169,636.987183,7.36234188],"locked":true,"rotationMatrix":[-3.2584137e-07,1,0,-1,-3.2584137e-07,0,0,0,1],"scale":[10.6333227,0.25,5.30000019]}
{"name":"Portal_39","class":"Portal","persistentId":"a38db077-a6f4-4e0f-9039-4fbf61b6f58d","__parent":"tunnels","position":[948.473633,636.988525,3.9235146],"locked":true,"rotationMatrix":[-3.2584137e-07,1,0,-1,-3.2584137e-07,0,0,0,1],"scale":[10.6333227,0.25,5.30000019]}
{"name":"Portal_40","class":"Portal","persistentId":"ee62e190-51f6-49a2-993a-f21eb0924c3c","__parent":"tunnels","position":[943.596436,636.988525,3.9235146],"locked":true,"rotationMatrix":[-3.2584137e-07,1,0,-1,-3.2584137e-07,0,0,0,1],"scale":[10.6333227,0.25,5.30000019]}
{"name":"Portal_41","class":"Portal","persistentId":"119eeed7-f077-4fc8-8c62-c28005fce090","__parent":"tunnels","position":[703.339233,636.922668,2.27627659],"locked":true,"rotationMatrix":[-3.2584137e-07,1,0,-1,-3.2584137e-07,0,0,0,1],"scale":[10.6333227,0.25,5.30000019]}
{"name":"Portal_42","class":"Portal","persistentId":"41f9816b-0461-42c0-a23d-e740b47f2df2","__parent":"tunnels","position":[698.815674,636.922668,2.59859276],"locked":true,"rotationMatrix":[-3.2584137e-07,1,0,-1,-3.2584137e-07,0,0,0,1],"scale":[10.6333227,0.25,5.30000019]}
{"name":"Portal_43","class":"Portal","persistentId":"de2bc469-96c0-4d91-9261-e6a6fc15a6df","__parent":"tunnels","position":[617.769897,637.11261,8.46439171],"locked":true,"rotationMatrix":[-3.2584137e-07,1,0,-1,-3.2584137e-07,0,0,0,1],"scale":[10.6333227,0.25,5.30000019]}
{"name":"Portal_44","class":"Portal","persistentId":"6199a9d7-04f9-40fd-a8d0-d5cde1e135ff","__parent":"tunnels","position":[635.097107,637.11261,7.26429129],"locked":true,"rotationMatrix":[-3.2584137e-07,1,0,-1,-3.2584137e-07,0,0,0,1],"scale":[10.6333227,0.25,5.30000019]}
{"name":"Zone_18","class":"Zone","persistentId":"5180650f-9154-4899-a6fe-8eb962655255","__parent":"tunnels","position":[886.01062,724.900513,4.05741167],"ambientLightColor":[0.414654076,0.397690713,0.360339999,1],"locked":true,"rotationMatrix":[-1,3.27711604e-07,3.48611913e-08,-3.24481078e-07,-0.997563064,0.0697610974,5.7637763e-08,0.0697610974,0.997563064],"scale":[13,100.580246,10],"soundAmbience":"Level_Tunnel_Closed","useAmbientLightColor":true}
{"name":"Zone_19","class":"Zone","persistentId":"9750f3a6-c9eb-4999-a2a9-411ced5585d1","__parent":"tunnels","position":[886.01062,859.374939,6.67650938],"ambientLightColor":[0.414654076,0.397690713,0.360339999,1],"locked":true,"rotationMatrix":[1,-1.57575819e-09,3.48757396e-08,-5.66274139e-10,0.998116493,0.0613348335,-3.49067086e-08,-0.0613348335,0.998116493],"scale":[13,100.580246,10],"soundAmbience":"Level_Tunnel_Closed","useAmbientLightColor":true}
{"name":"Zone_20","class":"Zone","persistentId":"f7c2f751-29eb-4b2d-93da-dae5c909e45a","__parent":"tunnels","position":[886.01062,783.232727,4.07189989],"ambientLightColor":[0.414654076,0.397690713,0.360339999,1],"locked":true,"rotationMatrix":[1,-1.12620624e-09,3.48931479e-08,-5.66274139e-10,0.998823881,0.0484676473,-3.49067086e-08,-0.0484676473,0.998823881],"scale":[13,64.5700607,10],"soundAmbience":"Level_Tunnel_Closed","useAmbientLightColor":true}
{"name":"Portal_45","class":"Portal","persistentId":"7118b218-cd97-4e4d-9a0c-553f65021aeb","__parent":"tunnels","position":[886.146667,674.535278,9.52000046],"locked":true,"scale":[10.6333227,0.25,6]}
{"name":"Portal_46","class":"Portal","persistentId":"c8417ebd-24a6-4d2d-b391-cacc95b7c2c0","__parent":"tunnels","position":[886.146667,694.941467,8.43735409],"locked":true,"scale":[10.6333227,0.25,6]}
{"name":"Portal_47","class":"Portal","persistentId":"3eb50250-2759-4031-ae39-376d27533fbd","__parent":"tunnels","position":[886.046082,750.766541,3.21175694],"locked":true,"scale":[10.6333227,0.25,6]}
{"name":"Portal_48","class":"Portal","persistentId":"941eea41-5377-49bd-8866-820b429c6422","__parent":"tunnels","position":[886.046082,775.52478,3.21175694],"locked":true,"scale":[10.6333227,0.25,6]}
{"name":"Portal_49","class":"Portal","persistentId":"3310751c-e458-469b-ac53-763a6e1326c6","__parent":"tunnels","position":[886.006897,808.776001,5.3711524],"locked":true,"scale":[10.6333227,0.25,6]}
{"name":"Portal_50","class":"Portal","persistentId":"bf588c0b-083c-4b1c-9dc2-5c37847c5886","__parent":"tunnels","position":[886.006897,815.73938,5.77159357],"locked":true,"scale":[10.6333227,0.25,6]}
{"name":"Portal_51","class":"Portal","persistentId":"3965ee85-9fb5-49c8-b915-d1b973f94bce","__parent":"tunnels","position":[885.958252,909.824951,10.6177187],"locked":true,"scale":[10.6333227,0.25,6]}
{"name":"Portal_52","class":"Portal","persistentId":"8069ada0-db82-4c5d-a2af-f442f0573aa5","__parent":"tunnels","position":[885.958252,888.274048,10.0085287],"locked":true,"scale":[10.6333227,0.25,6]}
{"name":"Portal_53","class":"Portal","persistentId":"ed5ca85b-1f57-453b-9a64-5d22d6ac4c29","__parent":"tunnels","position":[-292.970947,411.926025,8.95703411],"locked":true,"scale":[10.9717627,0.25,5.04232025]}
{"name":"Portal_54","class":"Portal","persistentId":"723c4270-7120-43ee-84ff-2cca0be9b993","__parent":"tunnels","position":[-293.041321,393.942627,7.78101158],"locked":true,"scale":[10.9717627,0.25,5.04232025]}
{"name":"Zone_21","class":"Zone","persistentId":"867a0fdd-5961-4af3-92c4-0f016084dbc0","__parent":"tunnels","position":[-292.939056,335.63385,1.74086285],"ambientLightColor":[0.414654076,0.397690713,0.360339999,1],"locked":true,"rotationMatrix":[1,0,0,0,0.99772656,0.0673909858,0,-0.0673909858,0.99772656],"scale":[10,152.640015,10],"soundAmbience":"Level_Tunnel_Closed","useAmbientLightColor":true}
{"name":"Zone_22","class":"Zone","persistentId":"b51277b1-eecc-4fe1-9231-2b0cfe4fc61e","__parent":"tunnels","position":[-292.939056,123.860619,-0.11018014],"ambientLightColor":[0.414654076,0.397690713,0.360339999,1],"locked":true,"rotationMatrix":[1,0,0,0,0.999963701,-0.00848424155,0,0.00848424155,0.999963701],"scale":[10,275,10],"soundAmbience":"Level_Tunnel_Closed","useAmbientLightColor":true}
{"name":"Portal_55","class":"Portal","persistentId":"0c8caef7-8df0-40c6-bf17-559892fff4a6","__parent":"tunnels","position":[-292.64267,259.355865,-0.88159132],"locked":true,"rotationMatrix":[1,0,0,0,0.997082829,0.0763269141,0,-0.0763269141,0.997082829],"scale":[10.9717627,0.25,5.04232025]}
{"name":"Portal_56","class":"Portal","persistentId":"f1a0505b-474d-49a0-a615-42a197734f08","__parent":"tunnels","position":[-292.64267,261.338501,-0.88159132],"locked":true,"scale":[10.9717627,0.25,5.04232025]}
{"name":"Zone_23","class":"Zone","persistentId":"6e402e8d-4490-44a2-841a-844c03e3fe2a","__parent":"tunnels","position":[-292.939056,-47.2256203,4.77715445],"ambientLightColor":[0.414654076,0.397690713,0.360339999,1],"locked":true,"rotationMatrix":[-1,-3.25841398e-07,0,3.25100615e-07,-0.99772656,0.0673909858,-2.19587726e-08,0.0673909858,0.99772656],"scale":[10,100,10],"soundAmbience":"Level_Tunnel_Closed","useAmbientLightColor":true}
{"name":"Portal_57","class":"Portal","persistentId":"14a99e69-3fab-45fe-88d9-c0c880d177cd","__parent":"tunnels","position":[-293.126526,2.68479681,2.40318036],"locked":true,"rotationMatrix":[1,0,0,0,0.997596741,-0.0692868978,0,0.0692868978,0.997596741],"scale":[10.9717627,0.25,5.04232025]}
{"name":"Portal_58","class":"Portal","persistentId":"429056fe-b4de-4557-8130-40e41efb20c2","__parent":"tunnels","position":[-293.126526,-13.6791439,3.21066713],"locked":true,"scale":[10.9717627,0.25,5.04232025]}
{"name":"Portal_59","class":"Portal","persistentId":"9c566b12-0903-492e-8488-9e7e0ab8b17e","__parent":"tunnels","position":[-292.909607,-97.2311783,10.6315107],"locked":true,"scale":[10.9717627,0.25,5.04232025]}
{"name":"Portal_60","class":"Portal","persistentId":"3851c53b-195b-462d-8b5f-dd47d98c4607","__parent":"tunnels","position":[-292.909607,-88.8466721,9.4801302],"locked":true,"scale":[10.9717627,0.25,5.04232025]}
{"name":"SFXSpace_3","class":"SFXSpace","persistentId":"3bcdbbf5-efe7-4957-8242-6a7041c92aa1","__parent":"tunnels","position":[-197.381348,657.059265,13.1054678],"locked":true,"rotationMatrix":[0.817822099,0.575471103,0,-0.575471103,0.817822099,0,0,0,1],"scale":[55,20,10],"soundAmbience":"Level_Tunnel_Open"}
{"name":"SFXSpace_4","class":"SFXSpace","persistentId":"e9f633ed-220d-4221-9a6c-42bc2ada667a","__parent":"tunnels","position":[-247.039734,718.462646,13.105464],"locked":true,"rotationMatrix":[-0.982296705,-0.187333539,0,0.187333539,-0.982296705,0,0,0,1],"scale":[122,20,10],"soundAmbience":"Level_Tunnel_Open"}
{"name":"SFXSpace_5","class":"SFXSpace","persistentId":"174faa07-dd01-4262-8876-551743b81f0d","__parent":"tunnels","position":[-281.241089,681.667786,9.67798615],"locked":true,"rotationMatrix":[-0.982296705,-0.187333539,0,0.187333539,-0.982296705,0,0,0,1],"scale":[55,44,10],"soundAmbience":"Level_Tunnel_Open"}
{"name":"SFXSpace_6","class":"SFXSpace","persistentId":"abe101a3-9497-43da-b311-ba4ea57c2be4","__parent":"tunnels","position":[-180.671158,713.435547,13.105464],"locked":true,"rotationMatrix":[0.817822099,0.575471103,0,-0.575471103,0.817822099,0,0,0,1],"scale":[33,20,10],"soundAmbience":"Level_Tunnel_Open"}
{"name":"SFXSpace_7","class":"SFXSpace","persistentId":"9fe62692-7fc9-4fe2-85d1-f4e9805a0ef6","__parent":"tunnels","position":[-280.982788,758.899719,9.12289906],"locked":true,"rotationMatrix":[0.996509254,-0.0834825858,0,0.0834825858,0.996509254,0,0,0,1],"scale":[44,20,10],"soundAmbience":"Level_Tunnel_Open"}
{"name":"SFXSpace_8","class":"SFXSpace","persistentId":"efbac0de-510e-454e-ab12-79bcd9efbbb6","__parent":"tunnels","position":[901.390808,869.861023,13.0152302],"locked":true,"rotationMatrix":[0.00993853807,-0.999950588,0,0.999950588,0.00993853807,0,0,0,1],"scale":[355,230,25],"soundAmbience":"Level_Tunnel_Open"}
{"name":"Zone_24","class":"Zone","persistentId":"e507a5eb-9977-4995-b101-3ace572a510d","__parent":"tunnels","position":[20.4430084,-491.252777,4.01068163],"ambientLightColor":[0.414654076,0.397690713,0.360339999,1],"locked":true,"rotationMatrix":[1,0,0,0,0.998860359,-0.0477279127,0,0.0477279127,0.998860359],"scale":[28,57,10],"soundAmbience":"Level_Tunnel_Closed","useAmbientLightColor":true}
{"name":"Portal_61","class":"Portal","persistentId":"b4c75fd5-257e-43ec-8ff9-e82392581121","__parent":"tunnels","position":[28.4790363,-462.717102,3.75576591],"locked":true,"rotationMatrix":[1,0,0,0,0.998865426,-0.0476221405,0,0.0476221405,0.998865426],"scale":[10.6333227,0.25,5.30000019]}
{"name":"Portal_62","class":"Portal","persistentId":"74a43c73-13ff-4a65-8628-ea11625a967f","__parent":"tunnels","position":[28.4790363,-465.952576,3.75576591],"locked":true,"rotationMatrix":[1,0,0,0,0.999988496,-0.00480108708,0,0.00480108708,0.999988496],"scale":[10.6333227,0.25,5.30000019]}
