{"class":"TSStatic","persistentId":"62f24f15-e1db-40c1-8f34-11ade226ec6e","__parent":"tss2","position":[968.890869,896.685242,8.01515293],"allowPlayerStep":"1","isRenderEnabled":false,"locked":true,"meshCulling":true,"playAmbient":false,"prebuildCollisionData":true,"rotationMatrix":[-0.0431064591,0.999070466,0,-0.999070466,-0.0431064591,0,0,0,1],"shapeName":"/levels/motorsports_playground/art/shapes/buildings/hr/hr_tent_small.dae"}
{"class":"TSStatic","persistentId":"65914de0-df01-4b8f-9d2a-cd1793ddc744","__parent":"tss2","position":[304.52475,-134.987503,3.9731555],"allowPlayerStep":"1","isRenderEnabled":false,"locked":true,"meshCulling":true,"playAmbient":false,"prebuildCollisionData":true,"rotationMatrix":[5.96046448e-08,-0.999999762,0.000690533896,1,5.96046448e-08,-2.91038305e-11,-2.91038305e-11,0.000690533896,0.999999762],"shapeName":"/levels/motorsports_playground/art/shapes/buildings/hr/hr_tent_small.dae"}
{"class":"TSStatic","persistentId":"6b4e5781-2af9-413e-aacd-b883bc641905","__parent":"tss2","position":[971.260376,852.229736,8.01497364],"allowPlayerStep":"1","isRenderEnabled":false,"locked":true,"meshCulling":true,"playAmbient":false,"prebuildCollisionData":true,"rotationMatrix":[0.0431065783,-0.999070466,0,0.999070466,0.0431065783,0,0,0,1],"shapeName":"/levels/motorsports_playground/art/shapes/buildings/hr/hr_tent_small.dae"}
{"class":"TSStatic","persistentId":"6b8b1419-00e3-4495-9a4e-60cff326e448","__parent":"tss2","position":[309.613739,-135.079376,3.97191668],"allowPlayerStep":"1","isRenderEnabled":false,"locked":true,"meshCulling":true,"playAmbient":false,"prebuildCollisionData":true,"rotationMatrix":[5.96046448e-08,-0.999999762,0.000690533896,1,5.96046448e-08,-2.91038305e-11,-2.91038305e-11,0.000690533896,0.999999762],"shapeName":"/levels/motorsports_playground/art/shapes/buildings/hr/hr_tent_small.dae"}
{"class":"TSStatic","persistentId":"6dfd1492-49fd-4753-a3b0-ad6943d1b928","__parent":"tss2","position":[274.038666,-132.46759,3.97807789],"allowPlayerStep":"1","isRenderEnabled":false,"locked":true,"meshCulling":true,"playAmbient":false,"prebuildCollisionData":true,"rotationMatrix":[-0.33991003,-0.940458179,0,0.940458179,-0.33991003,0,0,0,1],"shapeName":"/levels/motorsports_playground/art/shapes/buildings/hr/hr_tent_small.dae"}
{"class":"TSStatic","persistentId":"727aec5d-9a32-4cb8-9101-010a77c940dc","__parent":"tss2","position":[334.044861,-134.956451,4.05593729],"allowPlayerStep":"1","isRenderEnabled":false,"locked":true,"meshCulling":true,"playAmbient":false,"prebuildCollisionData":true,"rotationMatrix":[5.96046448e-08,-0.999999762,0.000690533896,1,5.96046448e-08,-2.91038305e-11,-2.91038305e-11,0.000690533896,0.999999762],"shapeName":"/levels/motorsports_playground/art/shapes/buildings/hr/hr_tent_small.dae"}
{"class":"TSStatic","persistentId":"73b0f75b-b87b-416f-a80b-b55057d989eb","__parent":"tss2","position":[876.464355,913.873779,8.6623497],"allowPlayerStep":"1","isRenderEnabled":false,"locked":true,"meshCulling":true,"playAmbient":false,"prebuildCollisionData":true,"rotationMatrix":[-0.0038230978,0.999992371,0,-0.999992371,-0.0038230978,0,0,0,1],"shapeName":"/levels/motorsports_playground/art/shapes/buildings/hr/hr_tent_small.dae"}
{"class":"TSStatic","persistentId":"7416dbe4-2aa3-43dd-a0f9-b2167de45c63","__parent":"tss2","position":[1062.22888,907.743774,7.18531561],"allowPlayerStep":"1","isRenderEnabled":false,"locked":true,"meshCulling":true,"playAmbient":false,"prebuildCollisionData":true,"rotationMatrix":[0.0431065783,-0.999070466,0,0.999070466,0.0431065783,0,0,0,1],"shapeName":"/levels/motorsports_playground/art/shapes/buildings/hr/hr_tent_small.dae"}
{"class":"TSStatic","persistentId":"749208c7-6412-4cef-bd23-abaa5daa0cc5","__parent":"tss2","position":[1072.42834,692.335571,7.18562555],"allowPlayerStep":"1","isRenderEnabled":false,"locked":true,"meshCulling":true,"playAmbient":false,"prebuildCollisionData":true,"rotationMatrix":[-0.0431064591,0.999070466,0,-0.999070466,-0.0431064591,0,0,0,1],"shapeName":"/levels/motorsports_playground/art/shapes/buildings/hr/hr_tent_small.dae"}
{"class":"TSStatic","persistentId":"74b9806f-d427-4407-b17b-f3ff68002563","__parent":"tss2","position":[1067.20203,791.418762,7.1854949],"allowPlayerStep":"1","isRenderEnabled":false,"locked":true,"meshCulling":true,"playAmbient":false,"prebuildCollisionData":true,"rotationMatrix":[-0.0431064591,0.999070466,0,-0.999070466,-0.0431064591,0,0,0,1],"shapeName":"/levels/motorsports_playground/art/shapes/buildings/hr/hr_tent_small.dae"}
{"class":"TSStatic","persistentId":"75173ea8-08d5-4820-8104-bfe8ae684ae1","__parent":"tss2","position":[966.696777,949.983765,8.01546288],"allowPlayerStep":"1","isRenderEnabled":false,"locked":true,"meshCulling":true,"playAmbient":false,"prebuildCollisionData":true,"rotationMatrix":[0.0431065783,-0.999070466,0,0.999070466,0.0431065783,0,0,0,1],"shapeName":"/levels/motorsports_playground/art/shapes/buildings/hr/hr_tent_small.dae"}
{"class":"TSStatic","persistentId":"779f680a-cc91-47da-b3c4-da4c228ce94d","__parent":"tss2","position":[1061.2085,934.823486,7.18531561],"allowPlayerStep":"1","isRenderEnabled":false,"locked":true,"meshCulling":true,"playAmbient":false,"prebuildCollisionData":true,"rotationMatrix":[0.0431065783,-0.999070466,0,0.999070466,0.0431065783,0,0,0,1],"shapeName":"/levels/motorsports_playground/art/shapes/buildings/hr/hr_tent_small.dae"}
{"class":"TSStatic","persistentId":"79ed3f78-c9c9-44a1-9f9a-698da124240c","__parent":"tss2","position":[1057.99976,996.620789,7.1854949],"allowPlayerStep":"1","isRenderEnabled":false,"locked":true,"meshCulling":true,"playAmbient":false,"prebuildCollisionData":true,"rotationMatrix":[0.0431065783,-0.999070466,0,0.999070466,0.0431065783,0,0,0,1],"shapeName":"/levels/motorsports_playground/art/shapes/buildings/hr/hr_tent_small.dae"}
{"class":"TSStatic","persistentId":"7ab9ff55-3567-40e2-b21e-2d77c14eb1f6","__parent":"tss2","position":[612.128601,252.04158,8.5687151],"allowPlayerStep":"1","isRenderEnabled":false,"locked":true,"meshCulling":true,"playAmbient":false,"prebuildCollisionData":true,"rotationMatrix":[0,-0.999999166,0.00119603961,0.999999881,0,5.82076609e-11,5.82076609e-11,0.00119603961,0.999999285],"scale":[0.200000003,0.200000003,0.200000003],"shapeName":"/levels/motorsports_playground/art/shapes/buildings/hr/hr_tent_small.dae"}
{"class":"TSStatic","persistentId":"7b09d951-4880-4609-8c24-69e8a09e840a","__parent":"tss2","position":[406.645081,-72.4807281,8.1073885],"isRenderEnabled":false,"locked":true,"playAmbient":false,"rotationMatrix":[0.964209914,-0.26513952,0,0.26513952,0.964209914,0,0,0,1],"shapeName":"/levels/motorsports_playground/art/shapes/buildings/hr/hr_tent_small.dae","useInstanceRenderData":true}
{"class":"TSStatic","persistentId":"7d7d8280-2d25-493c-8705-34b0884dea56","__parent":"tss2","position":[876.684875,950.277832,8.57844067],"allowPlayerStep":"1","isRenderEnabled":false,"locked":true,"meshCulling":true,"playAmbient":false,"prebuildCollisionData":true,"rotationMatrix":[-0.0038230978,0.999992371,0,-0.999992371,-0.0038230978,0,0,0,1],"shapeName":"/levels/motorsports_playground/art/shapes/buildings/hr/hr_tent_small.dae"}
{"class":"TSStatic","persistentId":"7e7e73e7-3ba4-4d62-9dce-56cb578a18a1","__parent":"tss2","position":[876.293091,815.77301,8.57838058],"allowPlayerStep":"1","isRenderEnabled":false,"locked":true,"meshCulling":true,"playAmbient":false,"prebuildCollisionData":true,"rotationMatrix":[-0.0038230978,0.999992371,0,-0.999992371,-0.0038230978,0,0,0,1],"shapeName":"/levels/motorsports_playground/art/shapes/buildings/hr/hr_tent_small.dae"}
{"class":"TSStatic","persistentId":"80c17481-1cb4-4a47-b2e0-15be089bb88b","__parent":"tss2","position":[1056.9762,1023.7843,7.1854949],"allowPlayerStep":"1","isRenderEnabled":false,"locked":true,"meshCulling":true,"playAmbient":false,"prebuildCollisionData":true,"rotationMatrix":[0.0431065783,-0.999070466,0,0.999070466,0.0431065783,0,0,0,1],"shapeName":"/levels/motorsports_playground/art/shapes/buildings/hr/hr_tent_small.dae"}
{"class":"TSStatic","persistentId":"82514a14-bdbd-4dd2-96b5-36b977a84150","__parent":"tss2","position":[1060.5282,952.873779,7.18562555],"allowPlayerStep":"1","isRenderEnabled":false,"locked":true,"meshCulling":true,"playAmbient":false,"prebuildCollisionData":true,"rotationMatrix":[0.0431065783,-0.999070466,0,0.999070466,0.0431065783,0,0,0,1],"shapeName":"/levels/motorsports_playground/art/shapes/buildings/hr/hr_tent_small.dae"}
{"class":"TSStatic","persistentId":"8268724f-14eb-4846-a016-f335a9acf303","__parent":"tss2","position":[1063.25964,880.387146,7.18555498],"allowPlayerStep":"1","isRenderEnabled":false,"locked":true,"meshCulling":true,"playAmbient":false,"prebuildCollisionData":true,"rotationMatrix":[0.0431065783,-0.999070466,0,0.999070466,0.0431065783,0,0,0,1],"shapeName":"/levels/motorsports_playground/art/shapes/buildings/hr/hr_tent_small.dae"}
{"class":"TSStatic","persistentId":"82a90fb9-f49b-4d0f-8ea3-a8a851d00a44","__parent":"tss2","position":[1055.97144,1050.44861,7.18555498],"allowPlayerStep":"1","isRenderEnabled":false,"locked":true,"meshCulling":true,"playAmbient":false,"prebuildCollisionData":true,"rotationMatrix":[0.0431065783,-0.999070466,0,0.999070466,0.0431065783,0,0,0,1],"shapeName":"/levels/motorsports_playground/art/shapes/buildings/hr/hr_tent_small.dae"}
{"class":"TSStatic","persistentId":"83ed6d59-aef3-4a89-af23-9563e1a3ea8e","__parent":"tss2","position":[973.976318,780.151245,8.01515293],"allowPlayerStep":"1","isRenderEnabled":false,"locked":true,"meshCulling":true,"playAmbient":false,"prebuildCollisionData":true,"rotationMatrix":[0.0431065783,-0.999070466,0,0.999070466,0.0431065783,0,0,0,1],"shapeName":"/levels/motorsports_playground/art/shapes/buildings/hr/hr_tent_small.dae"}
{"class":"TSStatic","persistentId":"869d56f7-3c53-4d43-aca4-db0c1252c422","__parent":"tss2","position":[284.82312,-134.976974,3.99743557],"allowPlayerStep":"1","isRenderEnabled":false,"locked":true,"meshCulling":true,"playAmbient":false,"prebuildCollisionData":true,"rotationMatrix":[-0.0819778442,-0.996633768,0.00069053378,0.996634007,-0.0819778442,0,5.66086383e-05,0.000688209548,0.999999762],"shapeName":"/levels/motorsports_playground/art/shapes/buildings/hr/hr_tent_small.dae"}
{"class":"TSStatic","persistentId":"895abfe2-c463-45d9-8323-97dfe1df46c3","__parent":"tss2","position":[1068.60754,764.772949,7.18555498],"allowPlayerStep":"1","isRenderEnabled":false,"locked":true,"meshCulling":true,"playAmbient":false,"prebuildCollisionData":true,"rotationMatrix":[-0.0431064591,0.999070466,0,-0.999070466,-0.0431064591,0,0,0,1],"shapeName":"/levels/motorsports_playground/art/shapes/buildings/hr/hr_tent_small.dae"}
{"class":"TSStatic","persistentId":"8ec8f5df-5057-4a6f-8a64-7a575b253f48","__parent":"tss2","position":[524.5,252.04158,8.47126389],"allowPlayerStep":"1","isRenderEnabled":false,"locked":true,"meshCulling":true,"playAmbient":false,"prebuildCollisionData":true,"rotationMatrix":[0,-0.999999166,0.00119603961,0.999999881,0,5.82076609e-11,5.82076609e-11,0.00119603961,0.999999285],"scale":[0.200000003,0.200000003,0.200000003],"shapeName":"/levels/motorsports_playground/art/shapes/buildings/hr/hr_tent_small.dae"}
{"class":"TSStatic","persistentId":"8f407a13-2e1c-4802-a713-66e632b7a1a9","__parent":"tss2","position":[1056.3114,1041.42615,7.18555498],"allowPlayerStep":"1","isRenderEnabled":false,"locked":true,"meshCulling":true,"playAmbient":false,"prebuildCollisionData":true,"rotationMatrix":[0.0431065783,-0.999070466,0,0.999070466,0.0431065783,0,0,0,1],"shapeName":"/levels/motorsports_playground/art/shapes/buildings/hr/hr_tent_small.dae"}
{"class":"TSStatic","persistentId":"9098a74f-ef92-4251-a9cd-abf41390c866","__parent":"tss2","position":[324.293427,-135.069092,4.00907993],"allowPlayerStep":"1","isRenderEnabled":false,"locked":true,"meshCulling":true,"playAmbient":false,"prebuildCollisionData":true,"rotationMatrix":[5.96046448e-08,-0.999999762,0.000690533896,1,5.96046448e-08,-2.91038305e-11,-2.91038305e-11,0.000690533896,0.999999762],"shapeName":"/levels/motorsports_playground/art/shapes/buildings/hr/hr_tent_small.dae"}
{"class":"TSStatic","persistentId":"97485eff-de79-4629-ab5e-cf74c8e5d719","__parent":"tss2","position":[876.595825,895.802979,8.57820129],"allowPlayerStep":"1","isRenderEnabled":false,"locked":true,"meshCulling":true,"playAmbient":false,"prebuildCollisionData":true,"rotationMatrix":[-0.0038230978,0.999992371,0,-0.999992371,-0.0038230978,0,0,0,1],"shapeName":"/levels/motorsports_playground/art/shapes/buildings/hr/hr_tent_small.dae"}
{"class":"TSStatic","persistentId":"9892411e-cb39-4aea-80c1-761d7edb6f52","__parent":"tss2","position":[876.581238,886.774902,8.57820129],"allowPlayerStep":"1","isRenderEnabled":false,"locked":true,"meshCulling":true,"playAmbient":false,"prebuildCollisionData":true,"rotationMatrix":[-0.0038230978,0.999992371,0,-0.999992371,-0.0038230978,0,0,0,1],"shapeName":"/levels/motorsports_playground/art/shapes/buildings/hr/hr_tent_small.dae"}
{"class":"TSStatic","persistentId":"996454f4-2e3b-4263-8885-6bfef56de25d","__parent":"tss2","position":[876.453247,922.901855,8.57820129],"allowPlayerStep":"1","isRenderEnabled":false,"locked":true,"meshCulling":true,"playAmbient":false,"prebuildCollisionData":true,"rotationMatrix":[-0.0038230978,0.999992371,0,-0.999992371,-0.0038230978,0,0,0,1],"shapeName":"/levels/motorsports_playground/art/shapes/buildings/hr/hr_tent_small.dae"}
{"class":"TSStatic","persistentId":"9cbc3ee6-e1cd-4153-8cfe-c12064d0e7f4","__parent":"tss2","position":[876.466309,877.739868,8.57851219],"allowPlayerStep":"1","isRenderEnabled":false,"locked":true,"meshCulling":true,"playAmbient":false,"prebuildCollisionData":true,"rotationMatrix":[-0.0038230978,0.999992371,0,-0.999992371,-0.0038230978,0,0,0,1],"shapeName":"/levels/motorsports_playground/art/shapes/buildings/hr/hr_tent_small.dae"}
{"class":"TSStatic","persistentId":"9e671fe8-dbdf-47b0-81db-b06e2525aaef","__parent":"tss2","position":[876.234802,782,8.57844067],"allowPlayerStep":"1","isRenderEnabled":false,"locked":true,"meshCulling":true,"playAmbient":false,"prebuildCollisionData":true,"rotationMatrix":[-0.0038230978,0.999992371,0,-0.999992371,-0.0038230978,0,0,0,1],"shapeName":"/levels/motorsports_playground/art/shapes/buildings/hr/hr_tent_small.dae"}
{"class":"TSStatic","persistentId":"a4f79a40-739d-41af-ae9f-a40f4538bc78","__parent":"tss2","position":[966.363281,958.832397,8.01521301],"allowPlayerStep":"1","isRenderEnabled":false,"locked":true,"meshCulling":true,"playAmbient":false,"prebuildCollisionData":true,"rotationMatrix":[0.0431065783,-0.999070466,0,0.999070466,0.0431065783,0,0,0,1],"shapeName":"/levels/motorsports_playground/art/shapes/buildings/hr/hr_tent_small.dae"}
{"class":"TSStatic","persistentId":"a584b736-7c44-4a26-9c51-c2b1c547d659","__parent":"tss2","position":[279.5,252.04158,8.47126389],"allowPlayerStep":"1","isRenderEnabled":false,"locked":true,"meshCulling":true,"playAmbient":false,"prebuildCollisionData":true,"rotationMatrix":[0,-0.999999166,0.00119603961,0.999999881,0,5.82076609e-11,5.82076609e-11,0.00119603961,0.999999285],"scale":[0.200000003,0.200000003,0.200000003],"shapeName":"/levels/motorsports_playground/art/shapes/buildings/hr/hr_tent_small.dae"}
{"class":"TSStatic","persistentId":"ac470c6c-f3f0-4768-a4c4-37839f03e934","__parent":"tss2","position":[1064.5979,844.872986,7.13779783],"allowPlayerStep":"1","isRenderEnabled":false,"locked":true,"meshCulling":true,"playAmbient":false,"prebuildCollisionData":true,"rotationMatrix":[0.0431065783,-0.999070466,0,0.999070466,0.0431065783,0,0,0,1],"shapeName":"/levels/motorsports_playground/art/shapes/buildings/hr/hr_tent_small.dae"}
{"class":"TSStatic","persistentId":"b03ad9ef-2164-4ef4-9ef4-84f8259ccec9","__parent":"tss2","position":[1068.14099,773.616516,7.18580484],"allowPlayerStep":"1","isRenderEnabled":false,"locked":true,"meshCulling":true,"playAmbient":false,"prebuildCollisionData":true,"rotationMatrix":[-0.0431064591,0.999070466,0,-0.999070466,-0.0431064591,0,0,0,1],"shapeName":"/levels/motorsports_playground/art/shapes/buildings/hr/hr_tent_small.dae"}
{"class":"TSStatic","persistentId":"b085f7db-1da4-4178-aeea-09fd617c4802","__parent":"tss2","position":[328.5,252.04158,8.47126389],"allowPlayerStep":"1","isRenderEnabled":false,"locked":true,"meshCulling":true,"playAmbient":false,"prebuildCollisionData":true,"rotationMatrix":[0,-0.999999166,0.00119603961,0.999999881,0,5.82076609e-11,5.82076609e-11,0.00119603961,0.999999285],"scale":[0.200000003,0.200000003,0.200000003],"shapeName":"/levels/motorsports_playground/art/shapes/buildings/hr/hr_tent_small.dae"}
{"class":"TSStatic","persistentId":"b10ca00c-e926-4979-ad6e-01b06b161e6c","__parent":"tss2","position":[230.315842,252.04158,8.47126389],"allowPlayerStep":"1","isRenderEnabled":false,"locked":true,"meshCulling":true,"playAmbient":false,"prebuildCollisionData":true,"rotationMatrix":[0,-0.999999166,0.00119603961,0.999999881,0,5.82076609e-11,5.82076609e-11,0.00119603961,0.999999285],"scale":[0.200000003,0.200000003,0.200000003],"shapeName":"/levels/motorsports_playground/art/shapes/buildings/hr/hr_tent_small.dae"}
{"class":"TSStatic","persistentId":"b150cc33-44e2-4e14-bc1e-5ec027e4bdc0","__parent":"tss2","position":[1071.47681,710.373535,7.18531561],"allowPlayerStep":"1","isRenderEnabled":false,"locked":true,"meshCulling":true,"playAmbient":false,"prebuildCollisionData":true,"rotationMatrix":[-0.0431064591,0.999070466,0,-0.999070466,-0.0431064591,0,0,0,1],"shapeName":"/levels/motorsports_playground/art/shapes/buildings/hr/hr_tent_small.dae"}
{"class":"TSStatic","persistentId":"b91720a2-ba1d-4240-8c2b-b11c3c912719","__parent":"tss2","position":[972.614258,816.300354,8.0152235],"allowPlayerStep":"1","isRenderEnabled":false,"locked":true,"meshCulling":true,"playAmbient":false,"prebuildCollisionData":true,"rotationMatrix":[0.0431065783,-0.999070466,0,0.999070466,0.0431065783,0,0,0,1],"shapeName":"/levels/motorsports_playground/art/shapes/buildings/hr/hr_tent_small.dae"}
{"class":"TSStatic","persistentId":"bd80467f-5e44-40c4-b2d4-649974210717","__parent":"tss2","position":[294.849854,-135.121536,3.95037174],"allowPlayerStep":"1","isRenderEnabled":false,"locked":true,"meshCulling":true,"playAmbient":false,"prebuildCollisionData":true,"rotationMatrix":[5.96046448e-08,-0.999999762,0.000690533896,1,5.96046448e-08,-2.91038305e-11,-2.91038305e-11,0.000690533896,0.999999762],"shapeName":"/levels/motorsports_playground/art/shapes/buildings/hr/hr_tent_small.dae"}
{"class":"TSStatic","persistentId":"bec6bb7b-5914-4646-ae96-0c9c61145fb0","__parent":"tss2","position":[1063.59326,871.537537,7.18580484],"allowPlayerStep":"1","isRenderEnabled":false,"locked":true,"meshCulling":true,"playAmbient":false,"prebuildCollisionData":true,"rotationMatrix":[0.0431065783,-0.999070466,0,0.999070466,0.0431065783,0,0,0,1],"shapeName":"/levels/motorsports_playground/art/shapes/buildings/hr/hr_tent_small.dae"}
{"class":"TSStatic","persistentId":"bf5d94a9-855b-46b2-8208-23092cfeda5d","__parent":"tss2","position":[1063.92444,862.744995,7.1854949],"allowPlayerStep":"1","isRenderEnabled":false,"locked":true,"meshCulling":true,"playAmbient":false,"prebuildCollisionData":true,"rotationMatrix":[0.0431065783,-0.999070466,0,0.999070466,0.0431065783,0,0,0,1],"shapeName":"/levels/motorsports_playground/art/shapes/buildings/hr/hr_tent_small.dae"}
{"class":"TSStatic","persistentId":"bfdbddf6-c9a1-4f1f-a9c5-27d10c153349","__parent":"tss2","position":[279.067444,-134.206223,3.95058966],"allowPlayerStep":"1","isRenderEnabled":false,"locked":true,"meshCulling":true,"playAmbient":false,"prebuildCollisionData":true,"rotationMatrix":[-0.314392567,-0.949292779,0.000690534012,0.949293017,-0.314392567,1.45519152e-10,0.000217098655,0.000655519194,0.999999762],"shapeName":"/levels/motorsports_playground/art/shapes/buildings/hr/hr_tent_small.dae"}
{"class":"TSStatic","persistentId":"c0e8f639-4e7d-4549-b4c9-1e14a81c8533","__parent":"tss2","position":[876.263916,797.945129,8.57869053],"allowPlayerStep":"1","isRenderEnabled":false,"locked":true,"meshCulling":true,"playAmbient":false,"prebuildCollisionData":true,"rotationMatrix":[-0.0038230978,0.999992371,0,-0.999992371,-0.0038230978,0,0,0,1],"shapeName":"/levels/motorsports_playground/art/shapes/buildings/hr/hr_tent_small.dae"}
{"class":"TSStatic","persistentId":"c619764b-53cc-4075-8261-eedaf4d2a3c3","__parent":"tss2","position":[475.5,252.04158,8.47126389],"allowPlayerStep":"1","isRenderEnabled":false,"locked":true,"meshCulling":true,"playAmbient":false,"prebuildCollisionData":true,"rotationMatrix":[0,-0.999999166,0.00119603961,0.999999881,0,5.82076609e-11,5.82076609e-11,0.00119603961,0.999999285],"scale":[0.200000003,0.200000003,0.200000003],"shapeName":"/levels/motorsports_playground/art/shapes/buildings/hr/hr_tent_small.dae"}
{"class":"TSStatic","persistentId":"c874faf3-6272-46a0-89ca-e15b8825f656","__parent":"tss2","position":[1069.08301,755.757324,7.18555498],"allowPlayerStep":"1","isRenderEnabled":false,"locked":true,"meshCulling":true,"playAmbient":false,"prebuildCollisionData":true,"rotationMatrix":[-0.0431064591,0.999070466,0,-0.999070466,-0.0431064591,0,0,0,1],"shapeName":"/levels/motorsports_playground/art/shapes/buildings/hr/hr_tent_small.dae"}
{"class":"TSStatic","persistentId":"cca78c17-267f-464e-ba25-5351abcd7e3b","__parent":"tss2","position":[970.246826,879.1297,8.01503468],"allowPlayerStep":"1","isRenderEnabled":false,"locked":true,"meshCulling":true,"playAmbient":false,"prebuildCollisionData":true,"rotationMatrix":[0.0431065783,-0.999070466,0,0.999070466,0.0431065783,0,0,0,1],"shapeName":"/levels/motorsports_playground/art/shapes/buildings/hr/hr_tent_small.dae"}
{"class":"TSStatic","persistentId":"cca9b168-a189-45d0-936c-d15fa6068943","__parent":"tss2","position":[1071.95251,701.358032,7.18531561],"allowPlayerStep":"1","isRenderEnabled":false,"locked":true,"meshCulling":true,"playAmbient":false,"prebuildCollisionData":true,"rotationMatrix":[-0.0431064591,0.999070466,0,-0.999070466,-0.0431064591,0,0,0,1],"shapeName":"/levels/motorsports_playground/art/shapes/buildings/hr/hr_tent_small.dae"}
{"class":"TSStatic","persistentId":"9d451b5f-8f96-4b6a-82ca-0f52ea7365f7","__parent":"tss2","position":[-446.374542,631.935913,9.77147102],"allowPlayerStep":"1","isRenderEnabled":false,"locked":true,"meshCulling":true,"playAmbient":false,"prebuildCollisionData":true,"rotationMatrix":[-0.109998554,-0.993931711,1.46516618e-11,0.993931234,-0.109998494,-0.000976562325,0.000970636262,-0.000107420427,0.999999523],"scale":[0.5,1,0.5],"shapeName":"/levels/motorsports_playground/art/shapes/buildings/hr/hr_rumble.dae"}
{"class":"TSStatic","persistentId":"62d4c73b-c3c5-4a07-8519-51e603e69d46","__parent":"tss2","position":[-447.938019,632.121155,9.7728796],"allowPlayerStep":"1","isRenderEnabled":false,"locked":true,"meshCulling":true,"playAmbient":false,"prebuildCollisionData":true,"rotationMatrix":[-0.0842211545,-0.996447027,-5.82334869e-05,0.99644655,-0.0842210501,-0.000974824477,0.000966456544,-0.000140127406,0.999999523],"scale":[0.5,1,0.5],"shapeName":"/levels/motorsports_playground/art/shapes/buildings/hr/hr_rumble.dae"}
{"class":"TSStatic","persistentId":"f30df54e-a3c2-43a1-9a0c-b880e917ceaa","__parent":"tss2","position":[-449.482056,632.270264,9.77430153],"allowPlayerStep":"1","isRenderEnabled":false,"locked":true,"meshCulling":true,"playAmbient":false,"prebuildCollisionData":true,"rotationMatrix":[-0.0842211545,-0.996447027,-5.82334869e-05,0.99644655,-0.0842210501,-0.000974824477,0.000966456544,-0.000140127406,0.999999523],"scale":[0.5,1,0.5],"shapeName":"/levels/motorsports_playground/art/shapes/buildings/hr/hr_rumble.dae"}
{"class":"TSStatic","persistentId":"67a5482c-7576-483c-9595-bca0241c8c0a","__parent":"tss2","position":[-451.061279,632.362366,9.77586842],"allowPlayerStep":"1","isRenderEnabled":false,"locked":true,"meshCulling":true,"playAmbient":false,"prebuildCollisionData":true,"rotationMatrix":[-0.0245159529,-0.999699235,-0.000116391733,0.999698758,-0.0245158188,-0.000969601271,0.000966456544,-0.000140127406,0.999999523],"scale":[0.5,1,0.5],"shapeName":"/levels/motorsports_playground/art/shapes/buildings/hr/hr_rumble.dae"}
{"class":"TSStatic","persistentId":"640078fa-c2d7-4eda-9ecc-b49e7fe1488b","__parent":"tss2","position":[-459.134094,632.606506,9.77558422],"allowPlayerStep":"1","isRenderEnabled":false,"locked":true,"meshCulling":true,"playAmbient":false,"prebuildCollisionData":true,"rotationMatrix":[-0.994636059,-0.103428893,0.000946779794,0.103428699,-0.994636536,-0.000239335321,0.000966456544,-0.000140127406,0.999999523],"scale":[0.449999988,1,0.5],"shapeName":"/levels/motorsports_playground/art/shapes/buildings/hr/hr_rumble.dae"}
{"class":"TSStatic","persistentId":"57fc7a39-ed70-4cb4-bdbf-3f580a633485","__parent":"tss2","position":[-457.076935,632.804138,9.77801418],"allowPlayerStep":"1","isRenderEnabled":false,"locked":true,"meshCulling":true,"playAmbient":false,"prebuildCollisionData":true,"rotationMatrix":[-0.997832179,-0.0657965317,0.000955142023,0.0657963604,-0.997832656,-0.000203413147,0.000966456544,-0.000140127406,0.999999523],"scale":[0.449999988,1,0.5],"shapeName":"/levels/motorsports_playground/art/shapes/buildings/hr/hr_rumble.dae"}
{"class":"TSStatic","persistentId":"e7edc3f9-f6dd-4bc9-878f-32437b34895b","__parent":"tss2","position":[-463.240967,631.840149,9.77075386],"allowPlayerStep":"1","isRenderEnabled":false,"locked":true,"meshCulling":true,"playAmbient":false,"prebuildCollisionData":true,"rotationMatrix":[-0.978894114,-0.204364091,0.000946779794,0.204363942,-0.978894651,-0.000239335321,0.000975709758,-4.07962943e-05,0.999999523],"scale":[0.449999988,1,0.5],"shapeName":"/levels/motorsports_playground/art/shapes/buildings/hr/hr_rumble.dae"}
{"class":"TSStatic","persistentId":"362fec3b-e086-4b34-a4d1-a9c84f16326e","__parent":"tss2","position":[-461.214691,632.246643,9.76949024],"allowPlayerStep":"1","isRenderEnabled":false,"locked":true,"meshCulling":true,"playAmbient":false,"prebuildCollisionData":true,"rotationMatrix":[-0.985912919,-0.16725415,0.000955142023,0.167254031,-0.985913396,-0.000203413147,0.000975709758,-4.07962943e-05,0.999999523],"scale":[0.449999988,1,0.5],"shapeName":"/levels/motorsports_playground/art/shapes/buildings/hr/hr_rumble.dae"}
{"class":"TSStatic","persistentId":"cc00b586-7430-4d12-b987-a73a5f117d15","__parent":"tss2","position":[-358.484985,649.739868,9.49188423],"allowPlayerStep":"1","isRenderEnabled":false,"locked":true,"meshCulling":true,"playAmbient":false,"prebuildCollisionData":true,"rotationMatrix":[0.0669786632,0.997753501,0.000925077882,-0.997753978,0.0669790283,-0.00031289662,-0.000374154741,-0.00090204319,0.999999523],"scale":[0.5,0.5,0.5],"shapeName":"/levels/motorsports_playground/art/shapes/buildings/hr/hr_rumble.dae"}
{"class":"TSStatic","persistentId":"20989d96-49e1-49fb-a123-13e324c85a50","__parent":"tss2","position":[-358.763245,647.690613,9.47829819],"allowPlayerStep":"1","isRenderEnabled":false,"locked":true,"meshCulling":true,"playAmbient":false,"prebuildCollisionData":true,"rotationMatrix":[0.182329983,0.983236492,0.000955142023,-0.983236849,0.182330236,-0.000203413147,-0.000374154741,-0.00090204319,0.999999523],"scale":[0.5,0.5,0.5],"shapeName":"/levels/motorsports_playground/art/shapes/buildings/hr/hr_rumble.dae"}
{"class":"TSStatic","persistentId":"6f7ebb6b-7823-4b6f-aed6-96639207478b","__parent":"tss2","position":[-359.295135,645.666626,9.47368908],"allowPlayerStep":"1","isRenderEnabled":false,"locked":true,"meshCulling":true,"playAmbient":false,"prebuildCollisionData":true,"rotationMatrix":[0.326150507,0.945316792,0.000950663933,-0.945317209,0.326150924,-0.000223408337,-0.000521251874,-0.000825814845,0.999999523],"scale":[0.5,0.5,0.5],"shapeName":"/levels/motorsports_playground/art/shapes/buildings/hr/hr_rumble.dae"}
{"class":"TSStatic","persistentId":"b8f2ebd2-e759-4e51-aaec-f533162ded93","__parent":"tss2","position":[-360.167206,643.813477,9.4675703],"allowPlayerStep":"1","isRenderEnabled":false,"locked":true,"meshCulling":true,"playAmbient":false,"prebuildCollisionData":true,"rotationMatrix":[0.460125297,0.887852907,0.000973043905,-0.887853146,0.460125566,-8.2816754e-05,-0.000521251874,-0.000825814845,0.999999523],"scale":[0.5,0.5,0.5],"shapeName":"/levels/motorsports_playground/art/shapes/buildings/hr/hr_rumble.dae"}
{"class":"TSStatic","persistentId":"0a38bb4f-32f3-4eed-8010-b0103bf2a5cb","__parent":"tss2","position":[-361.360474,641.880981,9.47368908],"allowPlayerStep":"1","isRenderEnabled":false,"locked":true,"meshCulling":true,"playAmbient":false,"prebuildCollisionData":true,"rotationMatrix":[0.553253412,0.833011806,0.000950663933,-0.833012104,0.553253889,-0.000223408337,-0.000712060719,-0.000668313703,0.999999523],"scale":[0.5,0.5,0.5],"shapeName":"/levels/motorsports_playground/art/shapes/buildings/hr/hr_rumble.dae"}
{"class":"TSStatic","persistentId":"bbd2d488-074b-4c73-8f60-6490a7a21793","__parent":"tss2","position":[-362.634003,640.273865,9.46069431],"allowPlayerStep":"1","isRenderEnabled":false,"locked":true,"meshCulling":true,"playAmbient":false,"prebuildCollisionData":true,"rotationMatrix":[0.668486953,0.743722618,0.000973043905,-0.743722737,0.668487251,-8.2816754e-05,-0.000712060719,-0.000668313703,0.999999523],"scale":[0.5,0.5,0.5],"shapeName":"/levels/motorsports_playground/art/shapes/buildings/hr/hr_rumble.dae"}
{"class":"TSStatic","persistentId":"6d757af1-ed44-4618-9fd1-bbdc70aaf05d","__parent":"tss2","position":[-365.788635,637.363037,9.4543581],"allowPlayerStep":"1","isRenderEnabled":false,"locked":true,"meshCulling":true,"playAmbient":false,"prebuildCollisionData":true,"rotationMatrix":[0.796737909,0.604323387,0.000973043905,-0.604323447,0.796738207,-8.2816754e-05,-0.000825310126,-0.000522050657,0.999999523],"scale":[0.5,0.5,0.5],"shapeName":"/levels/motorsports_playground/art/shapes/buildings/hr/hr_rumble.dae"}
{"class":"TSStatic","persistentId":"ba2a3981-fe31-44a9-ae4f-915e153c0d1f","__parent":"tss2","position":[-364.205444,638.662354,9.45021439],"allowPlayerStep":"1","isRenderEnabled":false,"locked":true,"meshCulling":true,"playAmbient":false,"prebuildCollisionData":true,"rotationMatrix":[0.718961,0.695048869,0.000956217234,-0.695049047,0.718961477,-0.000198297028,-0.000825310126,-0.000522050657,0.999999523],"scale":[0.5,0.5,0.5],"shapeName":"/levels/motorsports_playground/art/shapes/buildings/hr/hr_rumble.dae"}
{"class":"TSStatic","persistentId":"b531b8b8-6020-453c-a07f-ef380ef3d515","__parent":"tss2","position":[-367.579376,636.129089,9.44363403],"allowPlayerStep":"1","isRenderEnabled":false,"locked":true,"meshCulling":true,"playAmbient":false,"prebuildCollisionData":true,"rotationMatrix":[0.838359654,0.545102537,0.00387301273,-0.54511559,0.838349223,0.00428761169,-0.000909749942,-0.00570580736,0.999983251],"scale":[0.5,0.5,0.5],"shapeName":"/levels/motorsports_playground/art/shapes/buildings/hr/hr_rumble.dae"}
{"class":"TSStatic","persistentId":"2b19c39f-1840-4d70-a8cb-e405f2994d30","__parent":"tss2","position":[-369.381378,635.155701,9.45123863],"allowPlayerStep":"1","isRenderEnabled":false,"locked":true,"meshCulling":true,"playAmbient":false,"prebuildCollisionData":true,"rotationMatrix":[0.897398889,0.44121778,0.000973043905,-0.44121778,0.897399187,-8.2816754e-05,-0.000909749942,-0.000355005148,0.999999523],"scale":[0.5,0.5,0.5],"shapeName":"/levels/motorsports_playground/art/shapes/buildings/hr/hr_rumble.dae"}
{"class":"TSStatic","persistentId":"70a8d578-0247-4797-9461-2f10fa020373","__parent":"tss2","position":[-371.332672,634.347412,9.44579983],"allowPlayerStep":"1","isRenderEnabled":false,"locked":true,"meshCulling":true,"playAmbient":false,"prebuildCollisionData":true,"rotationMatrix":[0.94389993,0.330227882,0.000956217234,-0.330227852,0.943900466,-0.000198297028,-0.000968057837,-0.000128597283,0.999999523],"scale":[0.5,0.5,0.5],"shapeName":"/levels/motorsports_playground/art/shapes/buildings/hr/hr_rumble.dae"}
{"class":"TSStatic","persistentId":"1bc89f27-fb82-4e64-a0aa-b39963c66497","__parent":"tss2","position":[-373.362823,633.770996,9.4396019],"allowPlayerStep":"1","isRenderEnabled":false,"locked":true,"meshCulling":true,"playAmbient":false,"prebuildCollisionData":true,"rotationMatrix":[0.976552248,0.215262949,0.00246631238,-0.215274841,0.976529479,0.00669121277,-0.000968057837,-0.00706526591,0.99997437],"scale":[0.5,0.5,0.5],"shapeName":"/levels/motorsports_playground/art/shapes/buildings/hr/hr_rumble.dae"}
{"class":"TSStatic","persistentId":"6fffa6ee-502b-4342-a2be-e78a35b4a7a9","__parent":"tss2","position":[-878.242554,784.777466,12.4818764],"allowPlayerStep":"1","isRenderEnabled":false,"locked":true,"meshCulling":true,"playAmbient":false,"prebuildCollisionData":true,"rotationMatrix":[-0.941050529,0.338265419,-0.000169724721,-0.338265121,-0.941050172,-0.000961700338,-0.00048502945,-0.000847596617,0.999999523],"scale":[0.75,1,0.400000006],"shapeName":"/levels/motorsports_playground/art/shapes/buildings/hr/hr_rumble.dae"}
{"class":"TSStatic","persistentId":"f6b7174a-a8df-4b18-8ada-a732ede99615","__parent":"tss2","position":[-876.771851,788.594849,12.4865437],"allowPlayerStep":"1","isRenderEnabled":false,"locked":true,"meshCulling":true,"playAmbient":false,"prebuildCollisionData":true,"rotationMatrix":[-0.922982812,0.384839714,-0.000113007991,-0.384839445,-0.922982395,-0.000970001391,-0.000477599766,-0.000851805089,0.999999523],"scale":[0.75,1,0.400000006],"shapeName":"/levels/motorsports_playground/art/shapes/buildings/hr/hr_rumble.dae"}
{"class":"TSStatic","persistentId":"1fb1940e-056b-4aa3-9514-17a1ed38edc1","__parent":"tss2","position":[-879.44696,780.865051,12.4718657],"allowPlayerStep":"1","isRenderEnabled":false,"locked":true,"meshCulling":true,"playAmbient":false,"prebuildCollisionData":true,"rotationMatrix":[-0.954466224,0.298317611,-0.000262566668,-0.298317254,-0.954465866,-0.000940602098,-0.0005312094,-0.000819445064,0.999999523],"scale":[0.75,1.5,0.5],"shapeName":"/levels/motorsports_playground/art/shapes/buildings/hr/hr_rumble.dae"}
{"class":"TSStatic","persistentId":"e9af2d33-ffb1-4dbc-86d3-d7a6eebe14e2","__parent":"tss2","position":[-875.012329,792.425781,12.5242605],"allowPlayerStep":"1","isRenderEnabled":false,"locked":true,"meshCulling":true,"playAmbient":false,"prebuildCollisionData":true,"rotationMatrix":[-0.88426888,0.466976911,-0.000169724721,-0.466976553,-0.884268582,-0.000961700338,-0.000599174062,-0.000771144289,0.999999523],"scale":[0.75,1.5,0.5],"shapeName":"/levels/motorsports_playground/art/shapes/buildings/hr/hr_rumble.dae"}
{"class":"TSStatic","persistentId":"d652533e-dc34-454b-8ba7-9e5087d5b1ff","__parent":"tss2","position":[-868.200256,802.671326,12.5456352],"allowPlayerStep":"1","isRenderEnabled":false,"locked":true,"meshCulling":true,"playAmbient":false,"prebuildCollisionData":true,"rotationMatrix":[-0.779160976,0.626822829,-0.000113007991,-0.626822472,-0.779160678,-0.000970001391,-0.000696070842,-0.000684951607,0.999999523],"scale":[0.75,1.5,0.5],"shapeName":"/levels/motorsports_playground/art/shapes/buildings/hr/hr_rumble.dae"}
{"class":"TSStatic","persistentId":"49ea57cd-77af-4f1e-bb02-892955339b66","__parent":"tss2","position":[-870.688354,799.371643,12.5381422],"allowPlayerStep":"1","isRenderEnabled":false,"locked":true,"meshCulling":true,"playAmbient":false,"prebuildCollisionData":true,"rotationMatrix":[-0.804604828,0.593809605,-0.000169724721,-0.593809247,-0.80460459,-0.000961700338,-0.000707628147,-0.000673004717,0.999999523],"scale":[0.75,1.5,0.5],"shapeName":"/levels/motorsports_playground/art/shapes/buildings/hr/hr_rumble.dae"}
{"class":"TSStatic","persistentId":"602d751c-0bb2-42de-9cc1-085f369ba838","__parent":"tss2","position":[-862.519348,808.658447,12.5473776],"allowPlayerStep":"1","isRenderEnabled":false,"locked":true,"meshCulling":true,"playAmbient":false,"prebuildCollisionData":true,"rotationMatrix":[-0.6886428,0.725099802,-0.000113007991,-0.725099385,-0.688642561,-0.000970001391,-0.000781170384,-0.000586042705,0.999999523],"scale":[0.75,1.5,0.5],"shapeName":"/levels/motorsports_playground/art/shapes/buildings/hr/hr_rumble.dae"}
{"class":"TSStatic","persistentId":"054ac983-6b2f-48d2-ab3b-816141ef48ba","__parent":"tss2","position":[-865.525574,805.788696,12.5671892],"allowPlayerStep":"1","isRenderEnabled":false,"locked":true,"meshCulling":true,"playAmbient":false,"prebuildCollisionData":true,"rotationMatrix":[-0.718260586,0.695773244,-0.000169724721,-0.695772827,-0.718260407,-0.000961700338,-0.000791031867,-0.000572661695,0.999999523],"scale":[0.75,1.5,0.5],"shapeName":"/levels/motorsports_playground/art/shapes/buildings/hr/hr_rumble.dae"}
{"class":"TSStatic","persistentId":"767995c7-89ee-402b-bffa-88b3e9339b52","__parent":"tss2","position":[-856.099365,813.809448,12.5319738],"allowPlayerStep":"1","isRenderEnabled":false,"locked":true,"meshCulling":true,"playAmbient":false,"prebuildCollisionData":true,"rotationMatrix":[-0.573659897,0.819092453,-0.000113007991,-0.819091976,-0.573659718,-0.000970001391,-0.000859349442,-0.000463887089,0.999999523],"scale":[0.75,1.5,0.5],"shapeName":"/levels/motorsports_playground/art/shapes/buildings/hr/hr_rumble.dae"}
{"class":"TSStatic","persistentId":"53599255-facb-4698-9673-a4580334a1dd","__parent":"tss2","position":[-859.420166,811.298462,12.5569954],"allowPlayerStep":"1","isRenderEnabled":false,"locked":true,"meshCulling":true,"playAmbient":false,"prebuildCollisionData":true,"rotationMatrix":[-0.630386472,0.776280344,-0.000169724721,-0.776279867,-0.630386353,-0.000961700338,-0.000853541133,-0.000474489061,0.999999523],"scale":[0.75,1.5,0.5],"shapeName":"/levels/motorsports_playground/art/shapes/buildings/hr/hr_rumble.dae"}
{"class":"TSStatic","persistentId":"214201b1-1517-4636-8682-0f7989bcf439","__parent":"tss2","position":[-849.166321,818.122803,12.5070629],"allowPlayerStep":"1","isRenderEnabled":false,"locked":true,"meshCulling":true,"playAmbient":false,"prebuildCollisionData":true,"rotationMatrix":[-0.489750803,0.871860981,-0.000113007991,-0.871860504,-0.489750654,-0.000970001391,-0.000901052612,-0.000376531796,0.999999523],"scale":[0.75,1.5,0.5],"shapeName":"/levels/motorsports_playground/art/shapes/buildings/hr/hr_rumble.dae"}
{"class":"TSStatic","persistentId":"55535966-9559-4135-8852-5b926fd3e78b","__parent":"tss2","position":[-852.672119,816.053711,12.5254984],"allowPlayerStep":"1","isRenderEnabled":false,"locked":true,"meshCulling":true,"playAmbient":false,"prebuildCollisionData":true,"rotationMatrix":[-0.54128325,0.840838969,-0.000169724721,-0.840838492,-0.54128319,-0.000961700338,-0.000900504179,-0.000377841323,0.999999523],"scale":[0.75,1.5,0.5],"shapeName":"/levels/motorsports_playground/art/shapes/buildings/hr/hr_rumble.dae"}
{"class":"TSStatic","persistentId":"7154e305-d060-4c5b-8785-623ba63cc268","__parent":"tss2","position":[-841.794983,821.913513,12.4553947],"allowPlayerStep":"1","isRenderEnabled":false,"locked":true,"meshCulling":true,"playAmbient":false,"prebuildCollisionData":true,"rotationMatrix":[-0.44212988,0.896949768,-0.000113007991,-0.896949291,-0.442129821,-0.000970001391,-0.00092000718,-0.000327504211,0.999999523],"scale":[0.75,1.5,0.5],"shapeName":"/levels/motorsports_playground/art/shapes/buildings/hr/hr_rumble.dae"}
{"class":"TSStatic","persistentId":"62a54c47-bf7d-4838-a510-fcf6b1d8f7f6","__parent":"tss2","position":[-845.544922,820.050354,12.4982185],"allowPlayerStep":"1","isRenderEnabled":false,"locked":true,"meshCulling":true,"playAmbient":false,"prebuildCollisionData":true,"rotationMatrix":[-0.452536672,0.891744494,-0.000169724721,-0.891744018,-0.452536672,-0.000961700338,-0.000934397685,-0.000283853791,0.999999523],"scale":[0.75,1.5,0.5],"shapeName":"/levels/motorsports_playground/art/shapes/buildings/hr/hr_rumble.dae"}
