{"name":"Mega Ramp","class":"SpawnSphere","persistentId":"d2a4e6c4-10ea-45bc-93cb-c52fdc128f11","__parent":"PlayerDropPoints","position":[4540.00391,-720.451172,908.365845],"autoplaceOnSpawn":"0","dataBlock":"SpawnSphereMarker","enabled":"1","homingCount":"0","indoorWeight":"1","isAIControlled":"0","lockCount":"0","locked":true,"outdoorWeight":"1","radius":10,"rotationMatrix":[4.17232513e-07,-0.999999821,7.18133815e-05,0.999999583,4.17232513e-07,-0.000686789281,0.000686789281,7.18135852e-05,0.999999762],"sphereWeight":"1"}
{"name":"Airstrip","class":"SpawnSphere","persistentId":"187f8280-46b0-4d28-977b-f22fa4a152bd","__parent":"PlayerDropPoints","position":[893.317261,-845.481079,11.4086781],"autoplaceOnSpawn":"0","dataBlock":"SpawnSphereMarker","enabled":"1","homingCount":"0","indoorWeight":"1","isAIControlled":"0","lockCount":"0","locked":true,"outdoorWeight":"1","radius":10,"rotationMatrix":[-0.999953032,-0.00967665855,7.18134252e-05,0.00967660639,-0.999952793,-0.000686789339,7.84558652e-05,-0.000686062325,0.999999762],"sphereWeight":"1"}
{"name":"Tower Blue","class":"SpawnSphere","persistentId":"3be3aabb-b587-4c64-947d-6244ebdd3159","__parent":"PlayerDropPoints","position":[714.533691,-908.82666,10.829587],"autoplaceOnSpawn":"0","dataBlock":"SpawnSphereMarker","enabled":"1","homingCount":"0","indoorWeight":"1","isAIControlled":"0","lockCount":"0","locked":true,"outdoorWeight":"1","radius":10,"rotationMatrix":[0.999996364,-0.00266631693,7.18134397e-05,0.00266631693,0.999996126,-0.000686789397,-6.99819284e-05,0.000686978339,0.999999762],"sphereWeight":"1"}
{"name":"Tower Red","class":"SpawnSphere","persistentId":"0bcef53e-a984-404e-886f-2e10fcb26357","__parent":"PlayerDropPoints","position":[-334.495361,219.09964,11.5486546],"autoplaceOnSpawn":"0","dataBlock":"SpawnSphereMarker","enabled":"1","homingCount":"0","indoorWeight":"1","isAIControlled":"0","lockCount":"0","locked":true,"outdoorWeight":"1","radius":10,"rotationMatrix":[5.96046448e-08,1,7.18134397e-05,-0.999999762,5.96046448e-08,-0.000686789397,-0.000686789397,-7.18133524e-05,0.999999762],"sphereWeight":"1"}
{"name":"Tower Yellow","class":"SpawnSphere","persistentId":"6cc6f002-76db-4f2b-801a-335f0b77b01c","__parent":"PlayerDropPoints","position":[-110.376656,827.023132,12.1073179],"autoplaceOnSpawn":"0","dataBlock":"SpawnSphereMarker","enabled":"1","homingCount":"0","indoorWeight":"1","isAIControlled":"0","lockCount":"0","locked":true,"outdoorWeight":"1","radius":10,"rotationMatrix":[5.96046448e-08,1,7.18134397e-05,-0.999999762,5.96046448e-08,-0.000686789397,-0.000686789397,-7.18133524e-05,0.999999762],"sphereWeight":"1"}
{"name":"Dirt Track 1","class":"SpawnSphere","persistentId":"cbb37293-e5ee-4c63-bee6-68b21c4054f8","__parent":"PlayerDropPoints","position":[845.42157,-341.380707,7.00498247],"autoplaceOnSpawn":"0","dataBlock":"SpawnSphereMarker","enabled":"1","homingCount":"0","indoorWeight":"1","isAIControlled":"0","lockCount":"0","locked":true,"outdoorWeight":"1","radius":10,"rotationMatrix":[0.999284744,-0.0378133766,7.18134397e-05,0.0378133692,0.999284506,-0.000686789397,-4.57921997e-05,0.000689013686,0.999999762],"sphereWeight":"1"}
{"name":"Figure 8DIRT","class":"SpawnSphere","persistentId":"702ca9e1-ba9a-4e21-aa17-31e64fed6ddd","__parent":"PlayerDropPoints","position":[503.416687,-625.871338,7.79512453],"autoplaceOnSpawn":"0","dataBlock":"SpawnSphereMarker","enabled":"1","homingCount":"0","indoorWeight":"1","isAIControlled":"0","lockCount":"0","locked":true,"outdoorWeight":"1","radius":10,"rotationMatrix":[5.96046448e-08,1,7.18134397e-05,-0.999999762,5.96046448e-08,-0.000686789397,-0.000686789397,-7.18133524e-05,0.999999762],"sphereWeight":"1"}
{"name":"Offroading Area","class":"SpawnSphere","persistentId":"40fb5312-47d5-44b1-99b4-f2a833903ffe","__parent":"PlayerDropPoints","position":[136.908813,-524.005432,1.4782573],"autoplaceOnSpawn":"0","dataBlock":"SpawnSphereMarker","enabled":"1","homingCount":"0","indoorWeight":"1","isAIControlled":"0","lockCount":"0","locked":true,"outdoorWeight":"1","radius":10,"rotationMatrix":[5.96046448e-08,1,7.18134397e-05,-0.999999762,5.96046448e-08,-0.000686789397,-0.000686789397,-7.18133524e-05,0.999999762],"sphereWeight":"1"}
{"name":"Mud Bog","class":"SpawnSphere","persistentId":"de0cfa2e-89a8-4aad-96ef-d2608ca2b735","__parent":"PlayerDropPoints","position":[48.1267853,-732.071716,11.345665],"autoplaceOnSpawn":"0","dataBlock":"SpawnSphereMarker","enabled":"1","homingCount":"0","indoorWeight":"1","isAIControlled":"0","lockCount":"0","locked":true,"outdoorWeight":"1","radius":10,"rotationMatrix":[5.96046448e-08,1,7.18134397e-05,-0.999999762,5.96046448e-08,-0.000686789397,-0.000686789397,-7.18133524e-05,0.999999762],"sphereWeight":"1"}
{"name":"RallyCross 1","class":"SpawnSphere","persistentId":"0300d536-61a6-4f6a-8ac3-e42bdc3651dc","__parent":"PlayerDropPoints","position":[-807.054871,-264.756805,9.33331203],"autoplaceOnSpawn":"0","dataBlock":"SpawnSphereMarker","enabled":"1","homingCount":"0","indoorWeight":"1","isAIControlled":"0","lockCount":"0","locked":true,"outdoorWeight":"1","radius":10,"rotationMatrix":[0.998480022,0.0551140793,7.18134397e-05,-0.0551140644,0.998479784,-0.000686789397,-0.000109556,0.000681787555,0.999999762],"sphereWeight":"1"}
{"name":"Road Course 1","class":"SpawnSphere","persistentId":"ce3eda77-f0fe-4b41-b033-c7ca443267d1","__parent":"PlayerDropPoints","position":[1045.83789,-20.0339584,9.18452454],"autoplaceOnSpawn":"0","dataBlock":"SpawnSphereMarker","enabled":"1","homingCount":"0","indoorWeight":"1","isAIControlled":"0","lockCount":"0","outdoorWeight":"1","radius":10,"rotationMatrix":[-0.999996781,0.00248166802,7.18134397e-05,-0.00248166732,-0.999996543,-0.000686789397,7.01087774e-05,-0.000686965417,0.999999762],"sphereWeight":"1"}
{"name":"Mini Circuit","class":"SpawnSphere","persistentId":"482358ea-741d-470d-9771-bac9034a755f","__parent":"PlayerDropPoints","position":[-523.253418,883.418335,12.8867941],"autoplaceOnSpawn":"0","dataBlock":"SpawnSphereMarker","enabled":"1","homingCount":"0","indoorWeight":"1","isAIControlled":"0","lockCount":"0","locked":true,"outdoorWeight":"1","radius":10,"rotationMatrix":[-0.691430807,-0.722442567,7.18134252e-05,0.722442329,-0.691430569,-0.000686789281,0.000545819872,-0.000422986224,0.999999762],"sphereWeight":"1"}
{"name":"Short Track","class":"SpawnSphere","persistentId":"98a85c5d-5e0f-43ea-8edd-ae8e5147a2e5","__parent":"PlayerDropPoints","position":[715.237061,893.473083,13.5655003],"autoplaceOnSpawn":"0","dataBlock":"SpawnSphereMarker","enabled":"1","homingCount":"0","indoorWeight":"1","isAIControlled":"0","lockCount":"0","locked":true,"outdoorWeight":"1","radius":10,"rotationMatrix":[0.269028306,-0.963132501,7.18133815e-05,0.963132262,0.269028187,-0.00068678963,0.00064214936,0.000253931765,0.999999762],"sphereWeight":"1"}
{"name":"Small Oval","class":"SpawnSphere","persistentId":"994f3703-5764-4668-ac70-f42a74ff6367","__parent":"PlayerDropPoints","position":[870.261536,895.73761,9.80189228],"autoplaceOnSpawn":"0","dataBlock":"SpawnSphereMarker","enabled":"1","homingCount":"0","indoorWeight":"1","isAIControlled":"0","lockCount":"0","locked":true,"outdoorWeight":"1","radius":10,"rotationMatrix":[-0.99995178,-0.00981484819,7.18134397e-05,0.0098148454,-0.999951541,-0.000686789397,7.85506636e-05,-0.00068605144,0.999999762],"sphereWeight":"1"}
{"name":"Large Oval","class":"SpawnSphere","persistentId":"0977b332-83f7-4a35-8b87-5146dab48ba9","__parent":"PlayerDropPoints","position":[1073.68555,844.640686,7.13132715],"autoplaceOnSpawn":"0","dataBlock":"SpawnSphereMarker","enabled":"1","homingCount":"0","indoorWeight":"1","isAIControlled":"0","lockCount":"0","locked":true,"outdoorWeight":"1","radius":10,"rotationMatrix":[-0.997651279,-0.0684995651,7.18134397e-05,0.0684995502,-0.997651041,-0.000686789397,0.000118689495,-0.000680257159,0.999999762],"sphereWeight":"1"}
{"name":"Dirt Duels 1","class":"SpawnSphere","persistentId":"71f7008e-52eb-4780-a04d-63ed50051d94","__parent":"PlayerDropPoints","position":[899.559326,973.696777,8.57635021],"autoplaceOnSpawn":"0","dataBlock":"SpawnSphereMarker","enabled":"1","homingCount":"0","indoorWeight":"1","isAIControlled":"0","lockCount":"0","locked":true,"outdoorWeight":"1","radius":10,"rotationMatrix":[-0.999343514,0.0362278558,7.18134397e-05,-0.0362278484,-0.999343276,-0.000686789397,4.68853468e-05,-0.00068894017,0.999999762],"sphereWeight":"1"}
{"name":"Dirt Duels 2","class":"SpawnSphere","persistentId":"459e4c03-f4ae-4269-8e5d-80d8e2532a35","__parent":"PlayerDropPoints","position":[-57.5507202,675.553894,16.0101986],"autoplaceOnSpawn":"0","dataBlock":"SpawnSphereMarker","enabled":"1","homingCount":"0","indoorWeight":"1","isAIControlled":"0","lockCount":"0","locked":true,"outdoorWeight":"1","radius":10,"rotationMatrix":[-0.995815992,0.0913850963,7.18134252e-05,-0.0913851261,-0.995815754,-0.00068678963,8.75059413e-06,-0.000690478482,0.999999762],"sphereWeight":"1"}
{"name":"Long Jump","class":"SpawnSphere","persistentId":"a50ad6f2-ad4b-45db-934d-c27de63934f9","__parent":"PlayerDropPoints","position":[-267.680664,595.712097,15.7654247],"autoplaceOnSpawn":"0","dataBlock":"SpawnSphereMarker","enabled":"1","homingCount":"0","indoorWeight":"1","isAIControlled":"0","lockCount":"0","locked":true,"outdoorWeight":"1","radius":10,"rotationMatrix":[5.96046448e-08,1,7.18134397e-05,-0.999999762,5.96046448e-08,-0.000686789397,-0.000686789397,-7.18133524e-05,0.999999762],"sphereWeight":"1"}
{"name":"Hocker","class":"SpawnSphere","persistentId":"80f36c1b-021c-44f4-b66f-6fbe258dfd95","__parent":"PlayerDropPoints","position":[-622.583008,995.071045,12.9091558],"autoplaceOnSpawn":"0","dataBlock":"SpawnSphereMarker","enabled":"1","homingCount":"0","indoorWeight":"1","isAIControlled":"0","lockCount":"0","locked":true,"outdoorWeight":"1","radius":10,"rotationMatrix":[-0.230676413,0.973030627,7.1813236e-05,-0.973030388,-0.230676413,-0.000686789863,-0.000651701936,-0.000228302597,0.999999762],"sphereWeight":"1"}
{"name":"RallyCross 2","class":"SpawnSphere","persistentId":"ef9cde08-d926-4612-b7af-7e493608b7ba","__parent":"PlayerDropPoints","position":[-689.733093,949.506104,12.2765818],"autoplaceOnSpawn":"0","dataBlock":"SpawnSphereMarker","enabled":"1","homingCount":"0","indoorWeight":"1","isAIControlled":"0","lockCount":"0","locked":true,"outdoorWeight":"1","radius":10,"rotationMatrix":[-0.273770928,-0.961794794,7.18134106e-05,0.961794555,-0.273770928,-0.000686789281,0.000680210884,-0.000118953263,0.999999762],"sphereWeight":"1"}
{"name":"Sumo Pit","class":"SpawnSphere","persistentId":"6b6b4f7a-7b2f-4c68-939c-dcc5f960ccef","__parent":"PlayerDropPoints","position":[-452.610931,764.318054,10.8936472],"autoplaceOnSpawn":"0","dataBlock":"SpawnSphereMarker","enabled":"1","homingCount":"0","indoorWeight":"1","isAIControlled":"0","lockCount":"0","locked":true,"outdoorWeight":"1","radius":10,"rotationMatrix":[-0.999273777,-0.0381029621,7.18134397e-05,0.0381029546,-0.999273539,-0.000686789397,9.79299512e-05,-0.000683554332,0.999999762],"sphereWeight":"1"}
{"name":"Derby Area","class":"SpawnSphere","persistentId":"7bbe26aa-4786-4a06-b33d-a23c85b20c6a","__parent":"PlayerDropPoints","position":[1136.64136,18.6468964,9.31058884],"autoplaceOnSpawn":"0","dataBlock":"SpawnSphereMarker","enabled":"1","homingCount":"0","indoorWeight":"1","isAIControlled":"0","lockCount":"0","locked":true,"outdoorWeight":"1","radius":10,"rotationMatrix":[0.0895859003,-0.99597913,7.18134106e-05,0.995978892,0.0895857811,-0.000686789397,0.000677594449,0.000133051333,0.999999762],"sphereWeight":"1"}
{"name":"The Bumps","class":"SpawnSphere","persistentId":"f3f6034f-4ece-4d5c-8dcd-d8622ed42945","__parent":"PlayerDropPoints","position":[182.207367,943.572632,14.4706116],"autoplaceOnSpawn":"0","dataBlock":"SpawnSphereMarker","enabled":"1","homingCount":"0","indoorWeight":"1","isAIControlled":"0","lockCount":"0","locked":true,"outdoorWeight":"1","radius":10,"rotationMatrix":[5.96046448e-08,1,7.18134397e-05,-0.999999762,5.96046448e-08,-0.000686789397,-0.000686789397,-7.18133524e-05,0.999999762],"sphereWeight":"1"}
{"name":"Woods Race","class":"SpawnSphere","persistentId":"64ae3e2e-4b0b-40bd-b39c-93a46076eb50","__parent":"PlayerDropPoints","position":[243.287949,892.071167,15.1479216],"autoplaceOnSpawn":"0","dataBlock":"SpawnSphereMarker","enabled":"1","homingCount":"0","indoorWeight":"1","isAIControlled":"0","lockCount":"0","locked":true,"outdoorWeight":"1","radius":10,"rotationMatrix":[0.424206406,-0.905565441,7.18134397e-05,0.905565202,0.424206316,-0.000686789397,0.000591469056,0.000356372184,0.999999762],"sphereWeight":"1"}
{"name":"Sandy River 2","class":"SpawnSphere","persistentId":"b10d1aab-606a-4149-87b0-6366d3dec1bf","__parent":"PlayerDropPoints","position":[-987.099609,-925.649353,6.23308325],"autoplaceOnSpawn":"0","dataBlock":"SpawnSphereMarker","enabled":"1","homingCount":"0","indoorWeight":"1","isAIControlled":"0","lockCount":"0","locked":true,"outdoorWeight":"1","radius":10,"rotationMatrix":[0.74101311,0.67149061,7.18134543e-05,-0.671490371,0.74101299,-0.000686789572,-0.000514387328,0.000460698095,0.999999762],"sphereWeight":"1"}
{"name":"Dirt Track 2","class":"SpawnSphere","persistentId":"7a853669-7930-4180-8d50-6071e2faf378","__parent":"PlayerDropPoints","position":[-499.159698,348.632965,10.9079142],"autoplaceOnSpawn":"0","dataBlock":"SpawnSphereMarker","enabled":"1","homingCount":"0","indoorWeight":"1","isAIControlled":"0","lockCount":"0","locked":true,"outdoorWeight":"1","radius":10,"rotationMatrix":[0.905608356,0.424115002,7.18134688e-05,-0.424114883,0.905608177,-0.000686789455,-0.000356312492,0.000591505144,0.999999762],"sphereWeight":"1"}
{"name":"SocCAR Field","class":"SpawnSphere","persistentId":"8e8049fb-014f-4c2a-8fb5-0bdce33f1b3b","__parent":"PlayerDropPoints","position":[-97,-131.5,9.17885208],"autoplaceOnSpawn":"0","dataBlock":"SpawnSphereMarker","enabled":"1","homingCount":"0","indoorWeight":"1","isAIControlled":"0","lockCount":"0","locked":true,"outdoorWeight":"1","radius":10,"rotationMatrix":[0.76263082,0.646833897,7.18134397e-05,-0.646833777,0.762630641,-0.000686789397,-0.000499005662,0.000477315451,0.999999762],"sphereWeight":"1"}
{"name":"Dirt Oval","class":"SpawnSphere","persistentId":"6ab07f08-1d35-4efc-ba9c-db2fd7801d13","__parent":"PlayerDropPoints","position":[319.354889,-116.897758,4.20913887],"autoplaceOnSpawn":"0","dataBlock":"SpawnSphereMarker","enabled":"1","homingCount":"0","indoorWeight":"1","isAIControlled":"0","lockCount":"0","locked":true,"outdoorWeight":"1","radius":10,"rotationMatrix":[5.96046448e-08,1,7.18134397e-05,-0.999999762,5.96046448e-08,-0.000686789397,-0.000686789397,-7.18133524e-05,0.999999762],"sphereWeight":"1"}
{"name":"Dirt Dragstrip","class":"SpawnSphere","persistentId":"1afbe1f4-422c-4cd9-8e13-4ab80e1b4353","__parent":"PlayerDropPoints","position":[648.812805,295.608612,9.19831562],"autoplaceOnSpawn":"0","dataBlock":"SpawnSphereMarker","enabled":"1","homingCount":"0","indoorWeight":"1","isAIControlled":"0","lockCount":"0","locked":true,"outdoorWeight":"1","radius":10,"rotationMatrix":[-0.531889558,-0.8468135,7.18134397e-05,0.846813262,-0.531889558,-0.000686789281,0.000619779341,-0.000304483663,0.999999762],"sphereWeight":"1"}
{"name":"Prepped Dragstrip 1","class":"SpawnSphere","persistentId":"a5741947-c751-4663-a27a-7b5fd8e71ab4","__parent":"PlayerDropPoints","position":[662.980286,251.942795,8.57701492],"autoplaceOnSpawn":"0","dataBlock":"SpawnSphereMarker","enabled":"1","homingCount":"0","indoorWeight":"1","isAIControlled":"0","lockCount":"0","locked":true,"outdoorWeight":"1","radius":10,"rotationMatrix":[-0.0183262825,-0.999831796,7.18134106e-05,0.999831557,-0.0183262825,-0.000686789164,0.00068798993,5.92148863e-05,0.999999762],"sphereWeight":"1"}
{"name":"Prepped Dragstrip 2","class":"SpawnSphere","persistentId":"68b6fd32-92f6-44fd-92c1-d142d76b4588","__parent":"PlayerDropPoints","position":[-874.19696,1017.49005,12.7982616],"autoplaceOnSpawn":"0","dataBlock":"SpawnSphereMarker","enabled":"1","homingCount":"0","indoorWeight":"1","isAIControlled":"0","lockCount":"0","locked":true,"outdoorWeight":"1","radius":10,"rotationMatrix":[0.207742691,-0.978183627,7.18134397e-05,0.978183389,0.207742572,-0.000686789514,0.000656887423,0.00021292227,0.999999762],"sphereWeight":"1"}
{"name":"Drifters Playground","class":"SpawnSphere","persistentId":"47905be2-6f2d-4d3a-b361-f670a6d1778a","__parent":"PlayerDropPoints","position":[748.78595,325.375,9.00601196],"autoplaceOnSpawn":"0","dataBlock":"SpawnSphereMarker","enabled":"1","homingCount":"0","indoorWeight":"1","isAIControlled":"0","lockCount":"0","locked":true,"outdoorWeight":"1","radius":10,"rotationMatrix":[-0.246027783,0.9692626,7.18134397e-05,-0.969262362,-0.246027723,-0.000686789397,-0.000648011221,-0.000238575303,0.999999762],"sphereWeight":"1"}
{"name":"Super Speedway","class":"SpawnSphere","persistentId":"8b2a7230-1bb4-4f7b-b81c-5afe5d58a812","__parent":"PlayerDropPoints","position":[168.537231,-248.403778,9.00156975],"autoplaceOnSpawn":"0","dataBlock":"SpawnSphereMarker","enabled":"1","homingCount":"0","indoorWeight":"1","isAIControlled":"0","lockCount":"0","locked":true,"outdoorWeight":"1","radius":10,"rotationMatrix":[5.96046448e-08,1,7.18134397e-05,-0.999999762,5.96046448e-08,-0.000686789397,-0.000686789397,-7.18133524e-05,0.999999762],"sphereWeight":"1"}
{"name":"Sandy River","class":"SpawnSphere","persistentId":"11d17752-4c40-4db9-a74b-5eca24996dba","__parent":"PlayerDropPoints","position":[1192.62512,-965.387085,7.00605822],"autoplaceOnSpawn":"0","dataBlock":"SpawnSphereMarker","enabled":"1","homingCount":"0","indoorWeight":"1","isAIControlled":"0","lockCount":"0","locked":true,"outdoorWeight":"1","radius":10,"rotationMatrix":[0.773083329,-0.634304464,7.18133815e-05,0.634304345,0.773083091,-0.000686789281,0.000380115845,0.000576496823,0.999999762],"sphereWeight":"1"}
{"name":"motorsports_Hotel","class":"SpawnSphere","persistentId":"60db1426-54b7-47e7-ad1e-2c3a19dceda8","__parent":"PlayerDropPoints","position":[165.60997,-165.915848,9.39096928],"autoplaceOnSpawn":"0","dataBlock":"SpawnSphereMarker","enabled":"1","homingCount":"0","indoorWeight":"1","isAIControlled":"0","lockCount":"0","locked":true,"outdoorWeight":"1","radius":10,"rotationMatrix":[5.96046448e-08,1,7.18134397e-05,-0.999999762,5.96046448e-08,-0.000686789397,-0.000686789397,-7.18133524e-05,0.999999762],"sphereWeight":"1"}
{"name":"Kart Track","class":"SpawnSphere","persistentId":"966257b5-8330-4b65-9757-d1eb0aa11f63","__parent":"PlayerDropPoints","position":[-251.105881,717.060364,18.6866608],"dataBlock":"SpawnSphereMarker","locked":true,"radius":10,"rotationMatrix":[0.178225517,-0.983989537,0,0.983989537,0.178225517,0,0,0,1],"spawnClass":"Player","sphereWeight0":"1"}
{"name":"Monster Truck Track","class":"SpawnSphere","persistentId":"5d7cef17-d4af-459e-b56f-0aa7f9c76da6","__parent":"PlayerDropPoints","position":[-356.857452,860.69989,7.33234406],"dataBlock":"SpawnSphereMarker","locked":true,"radius":10,"rotationMatrix":[0.00675684214,0.999976993,0,-0.999976993,0.00675684214,0,0,0,1],"spawnClass":"Player","sphereWeight0":"1"}
{"name":"Airstrip 2","class":"SpawnSphere","persistentId":"1efa7713-0186-4573-9582-7aff209c55cf","__parent":"PlayerDropPoints","position":[-866.515747,-852.476929,8.74547005],"dataBlock":"SpawnSphereMarker","locked":true,"radius":10,"rotationMatrix":[-0.998529673,-0.0542027652,0,0.0542027652,-0.998529673,0,0,0,1],"spawnClass":"Player","sphereWeight0":"1"}
{"name":"Beach","class":"SpawnSphere","persistentId":"17b9f889-a9bf-456f-a9ee-ada1dbf0cfbc","__parent":"PlayerDropPoints","position":[-989.022888,-785.747742,5.43216133],"dataBlock":"SpawnSphereMarker","locked":true,"radius":10,"rotationMatrix":[-0.999981642,0.00612413418,0,-0.00612413418,-0.999981642,0,0,0,1],"spawnClass":"Player","sphereWeight0":"1"}
{"name":"Aircraft Carrier Suspended","class":"SpawnSphere","persistentId":"8467d26d-4236-4c39-bd01-3e6b4da91427","__parent":"PlayerDropPoints","position":[772.18042,-694.900391,927.397827],"dataBlock":"SpawnSphereMarker","locked":true,"radius":10,"rotationMatrix":[-0.165689826,-0.98617816,0,0.98617816,-0.165689826,0,0,0,1],"spawnClass":"Player","sphereWeight0":"1"}
{"name":"Big Banker","class":"SpawnSphere","persistentId":"a56e6940-c695-44a2-af03-6f6bd24eba38","__parent":"PlayerDropPoints","position":[-608.769531,154.547623,8.39121437],"dataBlock":"SpawnSphereMarker","locked":true,"radius":10,"rotationMatrix":[-0.243105888,0.969999552,0,-0.969999552,-0.243105888,0,0,0,1],"spawnClass":"Player","sphereWeight0":"1"}
{"name":"Fuel Station","class":"SpawnSphere","persistentId":"962f4069-bb69-43c8-b1be-474d8cee62c3","__parent":"PlayerDropPoints","position":[-406.269745,-207.728867,9.32004547],"dataBlock":"SpawnSphereMarker","locked":true,"radius":10,"rotationMatrix":[0.98625946,0.16520372,0,-0.16520372,0.98625946,0,0,0,1],"spawnClass":"Player","sphereWeight0":"1"}
{"name":"Infield Track","class":"SpawnSphere","persistentId":"8a5f5857-5ce5-45cf-a299-db58648ee2a7","__parent":"PlayerDropPoints","position":[501.22525,-7.51029205,8.90829659],"dataBlock":"SpawnSphereMarker","locked":true,"radius":10,"rotationMatrix":[0.513575435,-0.858044565,0,0.858044565,0.513575435,0,0,0,1],"spawnClass":"Player","sphereWeight0":"1"}
{"name":"Bus Stop","class":"SpawnSphere","persistentId":"a3d951be-f789-4fb5-9406-3e7319d16c34","__parent":"PlayerDropPoints","position":[-123.612663,465.281433,9.04530144],"dataBlock":"SpawnSphereMarker","locked":true,"radius":10,"rotationMatrix":[-0.994880199,0.101059608,0,-0.101059608,-0.994880199,0,0,0,1],"spawnClass":"Player","sphereWeight0":"1"}
{"name":"Baja","class":"SpawnSphere","persistentId":"e5a38a84-084a-4e72-b25b-20eae4d62e5f","__parent":"PlayerDropPoints","position":[544.170044,730.099548,9.20504665],"dataBlock":"SpawnSphereMarker","locked":true,"radius":10,"rotationMatrix":[-0.0482485294,0.998835325,0,-0.998835325,-0.0482485294,0,0,0,1],"spawnClass":"Player","sphereWeight0":"1"}
{"name":"Baja 2","class":"SpawnSphere","persistentId":"2b43633f-9f4d-4359-9c85-4a68c1d36654","__parent":"PlayerDropPoints","position":[-620.910522,1085.53052,19.4051018],"dataBlock":"SpawnSphereMarker","locked":true,"radius":10,"rotationMatrix":[-0.329963684,-0.94399333,0,0.94399333,-0.329963684,0,0,0,1],"spawnClass":"Player","sphereWeight0":"1"}
{"name":"Skyfall","class":"SpawnSphere","persistentId":"eacea454-97b5-4281-a969-e32d87ff6457","__parent":"PlayerDropPoints","position":[38.6131554,-53.6980247,1010],"dataBlock":"SpawnSphereMarker","locked":true,"radius":10,"spawnClass":"Player","sphereWeight0":"1"}
{"name":"Emery Complex","class":"SpawnSphere","persistentId":"db4ac165-6c97-400e-adb6-7450f10a173e","__parent":"PlayerDropPoints","position":[664.188049,388.761566,8.42938614],"dataBlock":"SpawnSphereMarker","locked":true,"radius":10,"rotationMatrix":[-0.999998331,-0.0016576359,0,0.0016576359,-0.999998331,0,0,0,1],"spawnClass":"Player","sphereWeight0":"1"}
{"name":"Dirt Oval 2","class":"SpawnSphere","persistentId":"be599524-8c1c-41a7-82eb-06e968a8ef9b","__parent":"PlayerDropPoints","position":[97.2794113,775.861511,13.8237743],"dataBlock":"SpawnSphereMarker","locked":true,"radius":1,"rotationMatrix":[-0.971187234,0.238317326,0,-0.238317326,-0.971187234,0,0,0,1],"spawnClass":"Player","sphereWeight0":"1"}
{"name":"Grandstands Top","class":"SpawnSphere","persistentId":"fbeffd2d-0a43-469e-8b50-246a4c53ef3b","__parent":"PlayerDropPoints","position":[96.2939072,-423.373444,69.7783508],"dataBlock":"SpawnSphereMarker","locked":true,"radius":1,"rotationMatrix":[-0.951473951,0.307730198,0,-0.307730198,-0.951473951,0,0,0,1],"spawnClass":"Player","sphereWeight0":"1"}
{"name":"Six Lane Dragstrip","class":"SpawnSphere","persistentId":"12a2ea71-8fe6-4cba-9817-6161e308a3c5","__parent":"PlayerDropPoints","position":[1171.66248,-806.582397,12.1966915],"dataBlock":"SpawnSphereMarker","locked":true,"radius":1,"rotationMatrix":[-0.462912917,-0.886403799,0,0.886403799,-0.462912917,0,0,0,1],"spawnClass":"Player","sphereWeight0":"1"}
